4.72E-06
4.78E-06
4.84E-06
4.92E-06
5.03E-06
5.15E-06
5.28E-06
5.42E-06
5.56E-06
5.69E-06
5.79E-06
5.87E-06
5.91E-06
5.92E-06
5.94E-06
5.96E-06
6.00E-06
6.05E-06
6.10E-06
6.15E-06
6.21E-06
6.31E-06
6.46E-06
6.63E-06
6.84E-06
7.06E-06
7.30E-06
7.55E-06
7.80E-06
8.04E-06
8.23E-06
8.37E-06
8.44E-06
8.46E-06
8.44E-06
8.38E-06
8.31E-06
8.23E-06
8.16E-06
8.13E-06
8.17E-06
8.30E-06
8.55E-06
8.89E-06
9.30E-06
9.76E-06
1.03E-05
1.08E-05
1.12E-05
1.16E-05
1.20E-05
1.23E-05
1.25E-05
1.25E-05
1.25E-05
1.25E-05
1.25E-05
1.25E-05
1.26E-05
1.27E-05
1.28E-05
1.31E-05
1.35E-05
1.41E-05
1.47E-05
1.54E-05
1.63E-05
1.71E-05
1.80E-05
1.87E-05
1.94E-05
2.01E-05
2.07E-05
2.13E-05
2.18E-05
2.23E-05
2.29E-05
2.35E-05
2.44E-05
2.53E-05
2.62E-05
2.70E-05
2.78E-05
2.86E-05
2.97E-05
3.12E-05
3.29E-05
3.47E-05
3.63E-05
3.77E-05
3.89E-05
4.00E-05
4.09E-05
4.19E-05
4.29E-05
4.40E-05
4.51E-05
4.66E-05
4.86E-05
5.14E-05
5.52E-05
6.01E-05
6.61E-05
7.29E-05
8.01E-05
8.76E-05
9.56E-05
0.000104596686468
0.000115015294733
0.000126882323886
0.00014005450792
0.000154290691909
0.000169397865322
0.000185371777752
0.000202497500526
0.000221206396736
0.000242033599406
0.00026571812131
0.000292722939399
0.000322747630045
0.00035521314057
0.000390014996177
0.000427562019065
0.000468288013975
0.000512913831549
0.000563169894669
0.000621220173744
0.000688606486728
0.000765732699621
0.000850268532927
0.000936079883575
0.001015451428949
0.001083268720437
0.001142111848941
0.001201468726757
0.001271326074497
0.001361166691583
0.001483546639972
0.0016508395692
0.00186951959944
0.002145143035641
0.002484323826312
0.002891762202418
0.003369331545105
0.003913910053734
0.004510102903174
0.005133233909901
0.005770489172188
0.00646582840051
0.007374891021674
0.008778900028154
0.010981632841254
0.014161376435523
0.018432137653678
0.024147322443085
0.032133497112412
0.043507044902701
0.058654975514727
0.075536143236331
0.089203527299065
0.094443695691961
0.089683068752022
0.0777505014398
0.062867938878001
0.048379064621783
0.036107902914282
0.026555150578154
0.019518112484539
0.014543373858671
0.011156464842104
0.008930799746728
0.007504110768113
0.006585282994815
0.005947159510304
0.005433518176939
0.004944902737274
0.004425735882752
0.003866727697571
0.003302523154933
0.002785019238351
0.002351666756246
0.002011747778075
0.00175454029479
0.001563613949404
0.001420987617273
0.001307164041271
0.001198702804899
0.001075433445315
0.000935044009119
0.00079291866648
0.000666907053757
0.000566252768995
0.000492083381023
0.000439695367893
0.000401014232421
0.000368167899568
0.000336324303039
0.000303938054963
0.00027195712051
0.000242582031629
0.000217753789678
0.000197946821914
0.000182255384189
0.000169574918094
0.000159164533404
0.000150183061954
0.000141593051074
0.000132602022133
0.000123010115027
0.000113175469438
0.000103659267052
9.50E-05
8.75E-05
8.11E-05
7.51E-05
6.97E-05
6.47E-05
6.02E-05
5.61E-05
5.25E-05
4.94E-05
4.70E-05
4.49E-05
4.32E-05
4.18E-05
4.05E-05
3.93E-05
3.83E-05
3.74E-05
3.63E-05
3.49E-05
3.33E-05
3.16E-05
3.00E-05
2.85E-05
2.71E-05
2.59E-05
2.49E-05
2.42E-05
2.36E-05
2.30E-05
2.24E-05
2.18E-05
2.13E-05
2.08E-05
2.03E-05
1.99E-05
1.95E-05
1.90E-05
1.85E-05
1.78E-05
1.71E-05
1.63E-05
1.54E-05
1.45E-05
1.37E-05
1.29E-05
1.22E-05
1.17E-05
1.13E-05
1.11E-05
1.11E-05
1.10E-05
1.10E-05
1.10E-05
1.10E-05
1.10E-05
1.11E-05
1.11E-05
1.10E-05
1.08E-05
1.06E-05
1.03E-05
9.92E-06
9.50E-06
9.07E-06
8.68E-06
8.33E-06
8.06E-06
7.84E-06
7.68E-06
7.59E-06
7.58E-06
7.62E-06
7.69E-06
7.76E-06
7.81E-06
7.84E-06
7.82E-06
7.77E-06
7.67E-06
7.54E-06
7.37E-06
7.16E-06
6.94E-06
6.74E-06
6.57E-06
6.43E-06
6.30E-06
6.18E-06
6.07E-06
5.99E-06
5.93E-06
5.90E-06
5.88E-06
5.88E-06
5.88E-06
5.87E-06
5.85E-06
5.80E-06
5.73E-06
5.63E-06
5.53E-06
5.43E-06
5.34E-06
5.24E-06
5.15E-06
5.07E-06
4.99E-06
4.92E-06
0

