4.67E-06
4.74E-06
4.84E-06
4.96E-06
5.11E-06
5.27E-06
5.44E-06
5.60E-06
5.76E-06
5.90E-06
6.01E-06
6.08E-06
6.08E-06
6.05E-06
6.00E-06
5.96E-06
5.93E-06
5.91E-06
5.92E-06
5.96E-06
6.06E-06
6.22E-06
6.43E-06
6.68E-06
6.95E-06
7.22E-06
7.49E-06
7.75E-06
8.00E-06
8.22E-06
8.38E-06
8.47E-06
8.50E-06
8.47E-06
8.40E-06
8.31E-06
8.21E-06
8.11E-06
8.02E-06
7.98E-06
8.05E-06
8.25E-06
8.57E-06
8.98E-06
9.45E-06
9.95E-06
1.05E-05
1.10E-05
1.15E-05
1.19E-05
1.23E-05
1.25E-05
1.25E-05
1.25E-05
1.24E-05
1.23E-05
1.23E-05
1.22E-05
1.23E-05
1.24E-05
1.26E-05
1.30E-05
1.35E-05
1.42E-05
1.49E-05
1.58E-05
1.66E-05
1.74E-05
1.82E-05
1.89E-05
1.96E-05
2.02E-05
2.07E-05
2.12E-05
2.16E-05
2.20E-05
2.26E-05
2.32E-05
2.41E-05
2.50E-05
2.60E-05
2.69E-05
2.78E-05
2.87E-05
2.99E-05
3.14E-05
3.32E-05
3.49E-05
3.64E-05
3.77E-05
3.87E-05
3.96E-05
4.04E-05
4.13E-05
4.22E-05
4.33E-05
4.45E-05
4.60E-05
4.81E-05
5.12E-05
5.54E-05
6.08E-05
6.70E-05
7.38E-05
8.09E-05
8.82E-05
9.62E-05
0.000105500090485
0.000116286923834
0.000128539210089
0.000142045483957
0.000156448945882
0.00017151158052
0.000187337942761
0.000204200782438
0.000222512329044
0.000242966010746
0.000266441765059
0.000293426902403
0.000323643069056
0.000356378240533
0.000391456783795
0.000429438769688
0.000470821580964
0.000516342274192
0.000567861426538
0.000627308474786
0.000695559823768
0.000772293053336
0.000854760065094
0.000936891393051
0.001011501776369
0.001074484488018
0.001129713869068
0.001186778725035
0.001254926006801
0.001344854761628
0.001471432802892
0.001647277129827
0.001877058869916
0.002162475664898
0.002505417124773
0.002908676353303
0.003378911023454
0.003918658518529
0.004510435170569
0.005122673746605
0.005743240149711
0.006425230731119
0.007330933881172
0.008739786774212
0.010943730335871
0.014109362759201
0.018359003477547
0.024083582434864
0.032135448079296
0.043591457307702
0.058778332519501
0.075654416919868
0.089300724996256
0.094499573363789
0.089700279286758
0.077768006059575
0.062901083941326
0.048400078223019
0.036096655830763
0.026527147133853
0.019496102374653
0.014529887231468
0.011139943344073
0.00890099970017
0.007463047596965
0.006546009502617
0.005920160744155
0.005417514588403
0.004933238034786
0.004415056529404
0.003858568787862
0.003298893809654
0.002785814814568
0.002355512419767
0.002017125324501
0.001760678112612
0.001569902376787
0.001425732617432
0.00130843864755
0.001196084913962
0.001070893896192
0.000931524264676
0.000791595482103
0.000667199318375
0.00056753665575
0.000494086548746
0.000441959423224
0.000402997249964
0.000369727948331
0.000337609979793
0.000305061968778
0.000272757717542
0.000242783285661
0.000217222319433
0.00019683290265
0.000180925689674
0.000168276455501
0.000158048511792
0.000149446191216
0.000141335603153
0.000132806500355
0.000123664893212
0.000114237736622
0.000104972813581
9.63E-05
8.87E-05
8.21E-05
7.62E-05
7.07E-05
6.56E-05
6.09E-05
5.66E-05
5.29E-05
4.97E-05
4.71E-05
4.50E-05
4.33E-05
4.18E-05
4.05E-05
3.95E-05
3.86E-05
3.77E-05
3.66E-05
3.54E-05
3.39E-05
3.24E-05
3.08E-05
2.92E-05
2.76E-05
2.62E-05
2.51E-05
2.42E-05
2.36E-05
2.30E-05
2.25E-05
2.19E-05
2.14E-05
2.09E-05
2.04E-05
2.00E-05
1.96E-05
1.92E-05
1.87E-05
1.82E-05
1.75E-05
1.68E-05
1.59E-05
1.50E-05
1.41E-05
1.33E-05
1.25E-05
1.19E-05
1.14E-05
1.11E-05
1.09E-05
1.09E-05
1.09E-05
1.10E-05
1.11E-05
1.11E-05
1.12E-05
1.12E-05
1.12E-05
1.11E-05
1.08E-05
1.05E-05
1.02E-05
9.72E-06
9.26E-06
8.80E-06
8.37E-06
8.01E-06
7.73E-06
7.54E-06
7.44E-06
7.43E-06
7.48E-06
7.58E-06
7.71E-06
7.83E-06
7.91E-06
7.93E-06
7.90E-06
7.82E-06
7.70E-06
7.53E-06
7.32E-06
7.07E-06
6.81E-06
6.55E-06
6.30E-06
6.10E-06
5.93E-06
5.82E-06
5.75E-06
5.73E-06
5.76E-06
5.80E-06
5.85E-06
5.88E-06
5.90E-06
5.90E-06
5.88E-06
5.83E-06
5.76E-06
5.67E-06
5.55E-06
5.41E-06
5.28E-06
5.15E-06
5.04E-06
4.96E-06
4.90E-06
0

