4.74E-06
4.79E-06
4.86E-06
4.96E-06
5.11E-06
5.28E-06
5.46E-06
5.65E-06
5.82E-06
5.97E-06
6.07E-06
6.12E-06
6.14E-06
6.12E-06
6.09E-06
6.04E-06
6.01E-06
5.99E-06
6.01E-06
6.06E-06
6.14E-06
6.28E-06
6.46E-06
6.69E-06
6.95E-06
7.25E-06
7.54E-06
7.81E-06
8.06E-06
8.26E-06
8.40E-06
8.47E-06
8.47E-06
8.41E-06
8.32E-06
8.21E-06
8.09E-06
7.99E-06
7.96E-06
8.00E-06
8.15E-06
8.40E-06
8.75E-06
9.18E-06
9.68E-06
1.02E-05
1.07E-05
1.12E-05
1.16E-05
1.20E-05
1.22E-05
1.24E-05
1.24E-05
1.24E-05
1.23E-05
1.23E-05
1.23E-05
1.23E-05
1.23E-05
1.25E-05
1.28E-05
1.33E-05
1.38E-05
1.44E-05
1.52E-05
1.61E-05
1.70E-05
1.79E-05
1.86E-05
1.94E-05
2.01E-05
2.08E-05
2.14E-05
2.19E-05
2.24E-05
2.28E-05
2.33E-05
2.39E-05
2.47E-05
2.56E-05
2.66E-05
2.75E-05
2.84E-05
2.95E-05
3.10E-05
3.27E-05
3.45E-05
3.61E-05
3.76E-05
3.88E-05
3.97E-05
4.06E-05
4.14E-05
4.23E-05
4.33E-05
4.44E-05
4.56E-05
4.74E-05
4.99E-05
5.33E-05
5.77E-05
6.32E-05
6.96E-05
7.63E-05
8.32E-05
9.03E-05
9.84E-05
0.000107744766605
0.000118614438959
0.000130885427715
0.000144258558233
0.000158433298651
0.000173236666884
0.000188836724005
0.000205696664602
0.000224359928019
0.000245522238939
0.000269789154845
0.000297052532383
0.000326773254309
0.000358878004179
0.000393991805252
0.000432643780465
0.000474820245777
0.000521251370457
0.000574106056314
0.000635017799314
0.0007040483998
0.000780458458164
0.000861494761179
0.000940617790635
0.001010858978601
0.001070332601422
0.001124580994594
0.001182311305279
0.001251449633959
0.001343023314454
0.001472975864623
0.001654052956271
0.001891007248564
0.002184457008296
0.002533161317298
0.002937653685967
0.003405727613219
0.003939628341192
0.004519132957065
0.005113758579309
0.005718707458575
0.006392148021131
0.007294887440508
0.008700148846095
0.010886889188383
0.014012785241509
0.018214991142238
0.02392630494663
0.032022658246671
0.043536774034711
0.05873883632093
0.075611859566122
0.08929447582549
0.094549033845144
0.08978850911519
0.077883638372328
0.063024234197692
0.048490267076009
0.036134018476846
0.026533367370915
0.019500394313623
0.014539326574959
0.011144619914333
0.008890303276897
0.007436077212078
0.006513140109253
0.005895276616481
0.005408340379932
0.004939500934313
0.004430810886885
0.003877384559859
0.003317317396286
0.002803656453484
0.002373434813165
0.002033812447872
0.001773495860886
0.001577560109262
0.001428900678136
0.001308457054522
0.001194341604751
0.00106883968909
0.000930200480801
0.000791280736066
0.00066782554032
0.000568718362957
0.000495128501328
0.000442598455566
0.000403502470583
0.000370389436915
0.000338688006449
0.000306651370419
0.000274493330894
0.000244282993159
0.000218408840815
0.000197821998124
0.000181823038666
0.000169121519701
0.000158842848698
0.000150184643622
0.000142033966886
0.000133507482317
0.000124427125233
0.000115124659256
0.00010590757455
9.71E-05
8.90E-05
8.19E-05
7.56E-05
7.00E-05
6.50E-05
6.04E-05
5.63E-05
5.27E-05
4.95E-05
4.70E-05
4.49E-05
4.32E-05
4.17E-05
4.05E-05
3.94E-05
3.84E-05
3.74E-05
3.65E-05
3.54E-05
3.41E-05
3.24E-05
3.07E-05
2.91E-05
2.75E-05
2.62E-05
2.52E-05
2.43E-05
2.36E-05
2.30E-05
2.25E-05
2.19E-05
2.15E-05
2.10E-05
2.06E-05
2.01E-05
1.97E-05
1.94E-05
1.90E-05
1.86E-05
1.80E-05
1.73E-05
1.64E-05
1.54E-05
1.45E-05
1.35E-05
1.27E-05
1.20E-05
1.15E-05
1.11E-05
1.09E-05
1.09E-05
1.09E-05
1.10E-05
1.11E-05
1.12E-05
1.12E-05
1.12E-05
1.12E-05
1.11E-05
1.10E-05
1.07E-05
1.03E-05
9.91E-06
9.43E-06
8.94E-06
8.48E-06
8.07E-06
7.72E-06
7.47E-06
7.32E-06
7.27E-06
7.32E-06
7.42E-06
7.56E-06
7.69E-06
7.80E-06
7.86E-06
7.88E-06
7.84E-06
7.73E-06
7.55E-06
7.31E-06
7.02E-06
6.71E-06
6.39E-06
6.11E-06
5.88E-06
5.73E-06
5.65E-06
5.65E-06
5.70E-06
5.78E-06
5.86E-06
5.93E-06
6.00E-06
6.04E-06
6.07E-06
6.06E-06
6.01E-06
5.92E-06
5.79E-06
5.62E-06
5.43E-06
5.26E-06
5.10E-06
4.97E-06
4.88E-06
4.81E-06
0

