4.72E-06
4.77E-06
4.88E-06
5.01E-06
5.17E-06
5.32E-06
5.47E-06
5.61E-06
5.75E-06
5.87E-06
5.98E-06
6.05E-06
6.08E-06
6.07E-06
6.05E-06
6.02E-06
5.99E-06
5.96E-06
5.95E-06
5.99E-06
6.09E-06
6.25E-06
6.46E-06
6.71E-06
6.98E-06
7.26E-06
7.55E-06
7.83E-06
8.10E-06
8.30E-06
8.42E-06
8.45E-06
8.44E-06
8.39E-06
8.32E-06
8.23E-06
8.11E-06
7.99E-06
7.92E-06
7.95E-06
8.11E-06
8.40E-06
8.80E-06
9.25E-06
9.73E-06
1.02E-05
1.08E-05
1.13E-05
1.18E-05
1.21E-05
1.24E-05
1.25E-05
1.25E-05
1.24E-05
1.23E-05
1.22E-05
1.22E-05
1.22E-05
1.23E-05
1.25E-05
1.29E-05
1.34E-05
1.40E-05
1.47E-05
1.54E-05
1.63E-05
1.71E-05
1.79E-05
1.87E-05
1.93E-05
2.00E-05
2.05E-05
2.11E-05
2.15E-05
2.20E-05
2.24E-05
2.30E-05
2.39E-05
2.48E-05
2.58E-05
2.66E-05
2.74E-05
2.83E-05
2.95E-05
3.10E-05
3.27E-05
3.44E-05
3.60E-05
3.74E-05
3.85E-05
3.95E-05
4.03E-05
4.11E-05
4.19E-05
4.29E-05
4.39E-05
4.52E-05
4.70E-05
4.97E-05
5.34E-05
5.80E-05
6.36E-05
7.00E-05
7.67E-05
8.36E-05
9.08E-05
9.90E-05
0.000108399618995
0.000119273751807
0.00013154516615
0.000144914049099
0.00015912489678
0.000174158878021
0.000190206588005
0.000207587861979
0.000226613642334
0.000247776116117
0.000271713516505
0.000298657082395
0.00032836209862
0.000360766451183
0.000396383146499
0.000435573284045
0.000478434800746
0.000525935997282
0.00057977584831
0.000640936709539
0.000709391545923
0.000784430005811
0.000862962462226
0.000938400309579
0.001004806559179
0.001061897812187
0.001115859440222
0.001175376811852
0.001248528535164
0.001345252963823
0.00147928536453
0.001662290227091
0.001900178735421
0.002194773349545
0.002544640861449
0.002950733642858
0.003420599630815
0.003951526088148
0.004519521928089
0.005098847232867
0.005693077214048
0.006362177495267
0.007265136240148
0.00867335210317
0.010853832659251
0.013950632282666
0.018111868266007
0.023811587793086
0.031949973279826
0.043514752046616
0.058714230164843
0.075555925787999
0.089254423027645
0.094569803652059
0.089873266877533
0.078027186290371
0.063203122590532
0.048652635238278
0.036243404998554
0.026595731622312
0.019538370475173
0.014564749221383
0.011154919757439
0.008877587037606
0.007397385243182
0.00645665242839
0.005837504483354
0.005364333751741
0.004915750383362
0.004423247992709
0.00387732617924
0.003318493644798
0.002804345187852
0.002374790914367
0.002036148262163
0.001775008576434
0.001576598777954
0.001426121437055
0.001305808376287
0.001193137018457
0.001068588878728
0.000929343430291
0.000789231848406
0.000665430711552
0.000566608593274
0.000492857088242
0.000439803999443
0.000400553747241
0.000367683987385
0.000336223348016
0.000304299200962
0.000272260121975
0.000242199796388
0.000216422751788
0.000195860216018
0.000179851116457
0.000167179934735
0.000156926400681
0.000148187312124
0.000139935051205
0.000131527106699
0.000122844780565
0.000113961177277
0.000104990928392
9.63E-05
8.85E-05
8.17E-05
7.58E-05
7.05E-05
6.55E-05
6.08E-05
5.66E-05
5.29E-05
4.97E-05
4.71E-05
4.50E-05
4.32E-05
4.17E-05
4.04E-05
3.92E-05
3.82E-05
3.73E-05
3.65E-05
3.55E-05
3.43E-05
3.28E-05
3.11E-05
2.95E-05
2.80E-05
2.66E-05
2.54E-05
2.43E-05
2.35E-05
2.29E-05
2.23E-05
2.18E-05
2.14E-05
2.09E-05
2.05E-05
2.00E-05
1.96E-05
1.92E-05
1.88E-05
1.84E-05
1.78E-05
1.71E-05
1.63E-05
1.54E-05
1.44E-05
1.35E-05
1.27E-05
1.20E-05
1.15E-05
1.11E-05
1.08E-05
1.08E-05
1.08E-05
1.09E-05
1.10E-05
1.11E-05
1.12E-05
1.12E-05
1.12E-05
1.12E-05
1.10E-05
1.07E-05
1.04E-05
9.97E-06
9.48E-06
8.98E-06
8.48E-06
8.05E-06
7.72E-06
7.49E-06
7.38E-06
7.36E-06
7.43E-06
7.53E-06
7.65E-06
7.78E-06
7.88E-06
7.94E-06
7.92E-06
7.83E-06
7.66E-06
7.45E-06
7.21E-06
6.95E-06
6.68E-06
6.41E-06
6.15E-06
5.94E-06
5.80E-06
5.72E-06
5.69E-06
5.71E-06
5.76E-06
5.84E-06
5.94E-06
6.04E-06
6.11E-06
6.14E-06
6.11E-06
6.02E-06
5.89E-06
5.76E-06
5.62E-06
5.48E-06
5.33E-06
5.19E-06
5.07E-06
4.98E-06
4.91E-06
0

