4.78E-06
4.84E-06
4.93E-06
5.06E-06
5.21E-06
5.39E-06
5.56E-06
5.72E-06
5.86E-06
5.98E-06
6.08E-06
6.15E-06
6.20E-06
6.21E-06
6.19E-06
6.14E-06
6.07E-06
6.01E-06
5.98E-06
5.99E-06
6.06E-06
6.18E-06
6.37E-06
6.60E-06
6.88E-06
7.19E-06
7.53E-06
7.85E-06
8.12E-06
8.32E-06
8.45E-06
8.51E-06
8.50E-06
8.44E-06
8.36E-06
8.25E-06
8.13E-06
8.02E-06
7.96E-06
8.02E-06
8.22E-06
8.54E-06
8.95E-06
9.41E-06
9.91E-06
1.04E-05
1.10E-05
1.14E-05
1.18E-05
1.21E-05
1.23E-05
1.24E-05
1.24E-05
1.23E-05
1.22E-05
1.22E-05
1.22E-05
1.22E-05
1.23E-05
1.26E-05
1.29E-05
1.34E-05
1.41E-05
1.48E-05
1.56E-05
1.64E-05
1.73E-05
1.81E-05
1.87E-05
1.94E-05
2.00E-05
2.06E-05
2.11E-05
2.15E-05
2.19E-05
2.24E-05
2.30E-05
2.39E-05
2.48E-05
2.57E-05
2.65E-05
2.72E-05
2.82E-05
2.95E-05
3.11E-05
3.29E-05
3.46E-05
3.60E-05
3.73E-05
3.83E-05
3.92E-05
4.01E-05
4.09E-05
4.18E-05
4.29E-05
4.40E-05
4.55E-05
4.74E-05
5.01E-05
5.39E-05
5.87E-05
6.45E-05
7.09E-05
7.74E-05
8.39E-05
9.10E-05
9.92E-05
0.000109106479746
0.00012051098084
0.000133148976201
0.000146678697182
0.000160877639047
0.000175714555607
0.00019145820005
0.000208640738841
0.000227797930623
0.000249406348681
0.000273828913523
0.000301015459917
0.000330661498789
0.000362943123416
0.00039851394106
0.000437684719129
0.000480834789761
0.000529162924556
0.000583994570989
0.000646172612213
0.000715678462523
0.000790730193313
0.000867109213575
0.000938854255995
0.001001151515928
0.00105431102416
0.001105542520069
0.001165194139396
0.001242242029409
0.001345050874895
0.00148401116937
0.001668806323
0.001905912889137
0.002199205074848
0.002549909641855
0.002961059877286
0.003436483170297
0.003963981129396
0.004516784244635
0.005079384178437
0.005665909667433
0.006335431003444
0.007243025803087
0.008657406857439
0.010832114745266
0.013897897198028
0.018020429409153
0.023723730254764
0.031935758679536
0.043597053298262
0.058838738445631
0.075661671385408
0.089332597171686
0.094619844433059
0.089890589220572
0.078029617726078
0.063205981356028
0.048644439538742
0.036213846936546
0.026557191748984
0.019507598543886
0.014546072615779
0.0111399243514
0.008854912147697
0.007361731642441
0.00641254044812
0.005796950624638
0.005338531031438
0.004908545337555
0.004429966171987
0.003890603480937
0.003333516573228
0.002818841272408
0.002387932856261
0.002047217063871
0.001783086451117
0.001581165033147
0.001428116068651
0.001307316473029
0.001196173364288
0.001073726337222
0.000935573345699
0.000795270580025
0.000670489773943
0.000570640300135
0.000496326614687
0.000442992944276
0.000403260277824
0.000369599561837
0.000337154721605
0.000304267933502
0.000271615937657
0.000241350842779
0.000215636927729
0.00019530670101
0.000179720483243
0.000167468756811
0.000157324520674
0.000148497143964
0.000140283878048
0.000132046209708
0.000123433147133
0.000114451600693
0.00010540565146
9.68E-05
8.90E-05
8.24E-05
7.66E-05
7.12E-05
6.60E-05
6.12E-05
5.68E-05
5.29E-05
4.95E-05
4.67E-05
4.45E-05
4.27E-05
4.12E-05
3.99E-05
3.88E-05
3.79E-05
3.71E-05
3.64E-05
3.54E-05
3.42E-05
3.27E-05
3.11E-05
2.95E-05
2.80E-05
2.65E-05
2.52E-05
2.42E-05
2.35E-05
2.29E-05
2.24E-05
2.19E-05
2.14E-05
2.09E-05
2.05E-05
2.01E-05
1.98E-05
1.94E-05
1.91E-05
1.86E-05
1.80E-05
1.73E-05
1.66E-05
1.57E-05
1.48E-05
1.39E-05
1.31E-05
1.24E-05
1.17E-05
1.12E-05
1.09E-05
1.08E-05
1.08E-05
1.09E-05
1.10E-05
1.11E-05
1.12E-05
1.13E-05
1.13E-05
1.12E-05
1.10E-05
1.08E-05
1.04E-05
1.00E-05
9.57E-06
9.08E-06
8.62E-06
8.21E-06
7.88E-06
7.64E-06
7.50E-06
7.45E-06
7.49E-06
7.60E-06
7.76E-06
7.91E-06
8.04E-06
8.10E-06
8.09E-06
8.00E-06
7.86E-06
7.67E-06
7.45E-06
7.19E-06
6.90E-06
6.59E-06
6.31E-06
6.09E-06
5.94E-06
5.85E-06
5.81E-06
5.80E-06
5.82E-06
5.85E-06
5.91E-06
5.97E-06
6.04E-06
6.08E-06
6.09E-06
6.05E-06
5.97E-06
5.84E-06
5.67E-06
5.48E-06
5.31E-06
5.18E-06
5.07E-06
4.98E-06
4.90E-06
0

