5.00775060819887E-06
4.98659827751139E-06
5.00538328791416E-06
5.06919721713144E-06
5.18114353208009E-06
5.32706518129324E-06
5.49125447011816E-06
5.66154765477248E-06
5.82421359467643E-06
5.96389889495608E-06
6.06848812519267E-06
6.13206744327011E-06
6.15650658103981E-06
6.1498259124204E-06
6.12482637993752E-06
6.09649801017696E-06
6.07434948571106E-06
6.05655991097866E-06
6.04024518195925E-06
6.04012657251892E-06
6.0864380823682E-06
6.19525597709911E-06
6.36203791949823E-06
6.57455604271227E-06
6.81465577483472E-06
7.06258603919038E-06
7.31162347305385E-06
7.56835919244014E-06
7.83316636311627E-06
8.08976165394596E-06
8.30888015761693E-06
8.45792326625739E-06
8.5156530645674E-06
8.48490660455006E-06
8.39325950803542E-06
8.28447379510688E-06
8.19791840398162E-06
8.14669039371563E-06
8.12763151488293E-06
8.15224982621308E-06
8.25331528264954E-06
8.46279156771899E-06
8.79588405944898E-06
9.24365671571764E-06
9.7673123513329E-06
1.03111297066415E-05
1.0835993872593E-05
1.13272239456201E-05
1.17712587780486E-05
1.21385080485405E-05
1.23922522606698E-05
1.25221165524876E-05
1.25590191120243E-05
1.25473352477426E-05
1.25155427526124E-05
1.24757026348568E-05
1.24406327299299E-05
1.24359319354398E-05
1.25060386907176E-05
1.26990280938525E-05
1.30411014152952E-05
1.35294126684598E-05
1.41384483344665E-05
1.48212840327267E-05
1.55284566818379E-05
1.62452547692258E-05
1.69809485150839E-05
1.7735400775742E-05
1.84974712280572E-05
1.92589604906817E-05
2.00018628123485E-05
2.07042758790201E-05
2.13598882480602E-05
2.19870446321782E-05
2.26084316197643E-05
2.32492427164191E-05
2.39358031810041E-05
2.46480126366237E-05
2.53038758579643E-05
2.583703005319E-05
2.62958689118768E-05
2.6836468117324E-05
2.76167251934354E-05
2.87500619076212E-05
3.02745620561863E-05
3.20928533295484E-05
3.39723582258851E-05
3.56926221827273E-05
3.72117314892053E-05
3.86007069244973E-05
3.98553828798678E-05
4.08763225984887E-05
4.1620240064271E-05
4.22172552134161E-05
4.28900371580378E-05
4.38570441725158E-05
4.53101487699637E-05
4.73572083792369E-05
5.00147852150272E-05
5.33423314774078E-05
5.74684614687147E-05
6.2515702055016E-05
6.85504110170879E-05
7.55420291009713E-05
8.33198427788597E-05
9.17390729827778E-05
0.000100876794208
0.000110976423132
0.000122227312903
0.000134675419244
0.000148179723321
0.000162297540274
0.000176725914031
0.000191791496086
0.000208217788767
0.000226752030625
0.00024800522122
0.000272446176094
0.000300623931155
0.000332674996769
0.000367293818016
0.00040228697006
0.000436839504977
0.000472796490348
0.000513642713035
0.000562958848894
0.000622721122372
0.00069216678247
0.000768022528491
0.000845652243775
0.000919698731548
0.000985022877541
0.001040455607948
0.001090332479318
0.001142595402796
0.001208434352575
0.001302262437861
0.001437179983318
0.001620145463333
0.001853025744281
0.002132767120107
0.002447444866822
0.002785983837729
0.003155259329878
0.003575451337688
0.004065569199185
0.004642411763304
0.005340798238425
0.006218584204916
0.007343969445158
0.008842926953096
0.010927597996668
0.013824579083872
0.017750492097344
0.023084079646201
0.030678831116385
0.041860667569033
0.057485140880475
0.076130200854221
0.092974050941472
0.101307942480088
0.096923379601704
0.081989851680524
0.063160888729694
0.046143566815588
0.033164524770826
0.023951492996676
0.017459257477863
0.012955874663994
0.009995314054633
0.008142337556538
0.006970879450648
0.00620224208986
0.005695543452372
0.00532905244933
0.004961189583363
0.004488896325918
0.003904112512239
0.003287669587389
0.002733953157236
0.002295813341146
0.001978526149875
0.001757040482563
0.001593282940692
0.001455240794087
0.001327260840384
0.001203357497251
0.00107967104278
0.000953621322091
0.000827785353138
0.000710070066766
0.00060878717735
0.00052844742184
0.000468671096323
0.000424995534812
0.000390754072444
0.000359785394294
0.000328250820291
0.000295246900712
0.00026245705898
0.000232447990749
0.00020697660381
0.000186638735672
0.000171075442729
0.00015942839985
0.00015062373335
0.000143420671697
0.00013666249829
0.000129446948391
0.000121344200821
0.000112595387149
0.000103812295814
9.55541327481856E-05
8.82377225511837E-05
8.19571320969509E-05
7.63682588832672E-05
7.10112208166839E-05
6.57450675154676E-05
6.07344572402256E-05
5.61542504435537E-05
5.20878425214304E-05
4.86016710508926E-05
4.57754335757967E-05
4.36441462004444E-05
4.2149142467198E-05
4.11097885258284E-05
4.02607389092081E-05
3.93737146267254E-05
3.83657419491767E-05
3.72763565125943E-05
3.61558669722566E-05
3.49815815937604E-05
3.36660774066518E-05
3.21665385816641E-05
3.05758586817906E-05
2.90243259513266E-05
2.75459683451822E-05
2.61435427574113E-05
2.48948636570456E-05
2.39231002557874E-05
2.32750548335716E-05
2.2843218013841E-05
2.243514633746E-05
2.19095259274797E-05
2.12695853915903E-05
2.06108745151267E-05
2.00246147552635E-05
1.95593484914449E-05
1.92045055469967E-05
1.88879279554485E-05
1.8523327608787E-05
1.80629186834875E-05
1.74997472769477E-05
1.68570427129228E-05
1.61653298816151E-05
1.54299953548534E-05
1.46310627658868E-05
1.37808061945903E-05
1.29472243294609E-05
1.22056376630597E-05
1.15949247556415E-05
1.11274995554581E-05
1.08130133980064E-05
1.06519977076621E-05
1.06247899827344E-05
1.06930365528032E-05
1.08185347739503E-05
1.09712318376846E-05
1.11183990234499E-05
1.12182511068282E-05
1.12298069222225E-05
1.11297376804009E-05
1.09193372307873E-05
1.06204761614562E-05
1.02598019760984E-05
9.85180505132822E-06
9.4006276758909E-06
8.92390231919669E-06
8.45761292272786E-06
8.04566010699118E-06
7.72191583192023E-06
7.50071859457064E-06
7.38133602695534E-06
7.35694078943426E-06
7.41845444527383E-06
7.54561487959138E-06
7.70118933742924E-06
7.8469944367398E-06
7.95704866300312E-06
8.00982923896125E-06
7.98678234512637E-06
7.88174873086708E-06
7.70345605388377E-06
7.46974320484663E-06
7.20245986271193E-06
6.92391111350915E-06
6.65107010986168E-06
6.39848298092138E-06
6.17971428549884E-06
6.00399604927795E-06
5.87668912749399E-06
5.79971636085035E-06
5.77026401440955E-06
5.78414193202668E-06
5.83413493927407E-06
5.90140702293906E-06
5.96452088464769E-06
6.01573441050851E-06
6.05133125717274E-06
6.05904353668659E-06
6.03035555906719E-06
5.96877455632535E-06
5.88218485558776E-06
5.77620865675444E-06
5.6571350501511E-06
5.5293565501179E-06
5.39159916340033E-06
5.25011145273352E-06
5.12726163098301E-06
5.03761650958438E-06
0

