5.22422829081335E-06
5.15993277942951E-06
5.1490163270257E-06
5.19107026757882E-06
5.28317451655054E-06
5.40345141395198E-06
5.53183394078139E-06
5.65000606856416E-06
5.75046836437928E-06
5.84240122965694E-06
5.93871027374073E-06
6.03805627140939E-06
6.12436874727569E-06
6.18339534402921E-06
6.21461759339175E-06
6.2272687665028E-06
6.23406908232593E-06
6.24950412285702E-06
6.28282621426481E-06
6.33814025268404E-06
6.41742139113039E-06
6.51619835650633E-06
6.62752247082458E-06
6.75344782830083E-06
6.9051834193447E-06
7.09092195063261E-06
7.30971165002157E-06
7.5465022157097E-06
7.77306537832946E-06
7.96121061421485E-06
8.09644300425209E-06
8.1770839116155E-06
8.20715837680067E-06
8.19837335651022E-06
8.17166519735878E-06
8.14995783231461E-06
8.14832319433673E-06
8.180535864575E-06
8.26157628103905E-06
8.40608021902508E-06
8.62708824807926E-06
8.93384085393302E-06
9.32272932324257E-06
9.76618534827175E-06
1.02259750852581E-05
1.06751289213308E-05
1.10955034748195E-05
1.14637082343587E-05
1.17548245509083E-05
1.19551236870561E-05
1.20803884699504E-05
1.21639949575439E-05
1.22276215608423E-05
1.22761300292031E-05
1.23100413723699E-05
1.23369312905682E-05
1.23733766238669E-05
1.24565225990176E-05
1.26377489497559E-05
1.29516451735705E-05
1.33935243879882E-05
1.39340627245573E-05
1.45391980250023E-05
1.51867903379913E-05
1.58799066012666E-05
1.66268405036635E-05
1.7403433884007E-05
1.81517129028185E-05
1.88321984475278E-05
1.94648777202594E-05
2.01009400881099E-05
2.07578309060729E-05
2.14116368500456E-05
2.20472125686739E-05
2.26723179501725E-05
2.33040168471362E-05
2.39727164605323E-05
2.46750754091187E-05
2.53227389134417E-05
2.58635758318016E-05
2.63934929234013E-05
2.7072826494879E-05
2.80382476774935E-05
2.93777181021352E-05
3.10500445763505E-05
3.28601943404364E-05
3.45868352938081E-05
3.61711149969014E-05
3.76716275992373E-05
3.90832954972163E-05
4.02950726818156E-05
4.12484786559474E-05
4.20233476086118E-05
4.27635167501386E-05
4.36235553621291E-05
4.47737002666925E-05
4.64086315928448E-05
4.8708657629696E-05
5.17923769572411E-05
5.56876940056575E-05
6.03844309508709E-05
6.59357311149621E-05
7.23883212085897E-05
7.96332063035205E-05
8.74909189069843E-05
9.59114717879924E-05
0.000105005711967
0.000115003025366
0.000126111713692
0.000138329912332
0.00015141451478
0.000165062880524
0.000179270164867
0.000194411870456
0.000210921921931
0.000229324294527
0.000250393716339
0.000275023193518
0.000303762275068
0.000336153340299
0.000370419527736
0.000404528957135
0.00043825698225
0.000474212649389
0.000516692437308
0.000568922584073
0.000631179111164
0.00070153196458
0.00077681525655
0.000852106108144
0.000920967189442
0.000978987410671
0.001027998543125
0.001074289603695
0.001125692001444
0.0011945035028
0.001297054514689
0.001443721016903
0.001634334653453
0.001866143690597
0.00213905393704
0.002450339710717
0.002795445252261
0.003176536805017
0.003604407293134
0.004094026554665
0.004660643289193
0.005332909403467
0.006161151092992
0.007219495375306
0.008653459025692
0.010686015918028
0.013550457200099
0.017483008198072
0.022854143244308
0.030458690867906
0.041631250855286
0.057358663973056
0.076274266026434
0.093407150882309
0.101902506713107
0.097563702534482
0.082583752513232
0.063578877638835
0.04629890767972
0.033099772119591
0.023766395330776
0.017243676192912
0.012761414795363
0.009837202298551
0.008017157622125
0.006872778751325
0.00612379789926
0.00563023102101
0.005279651372927
0.004931089195558
0.004472856220407
0.003896271634797
0.003287823830121
0.002744588747053
0.002314382321301
0.001996873886591
0.001769258942365
0.001598652462758
0.001454428812791
0.001320964057261
0.00119433103745
0.001071681694784
0.000949072993672
0.000827351052748
0.000712526657373
0.000611454072951
0.000528853637255
0.000466045265898
0.000420501240161
0.000386462266399
0.000357313085581
0.000328073136577
0.000296923668849
0.000265136988678
0.000235213241486
0.000209096643839
0.000187844835565
0.000171554261031
0.000159515847064
0.000150496684148
0.000143115475584
0.00013617679088
0.000128877857674
0.000121010914169
0.000112789501915
0.000104510007079
9.64571395244779E-05
8.89693172167226E-05
8.23553261932119E-05
7.66254130302523E-05
7.14628372112037E-05
6.65441856506495E-05
6.17519762281009E-05
5.71689909104544E-05
5.29826559434167E-05
4.93629033055329E-05
4.6386505303837E-05
4.40424859421298E-05
4.22673298718844E-05
4.09671477350721E-05
3.99818543368934E-05
3.90963660268267E-05
3.81430942258378E-05
3.71006343585443E-05
3.60627927077005E-05
3.50902777343489E-05
3.40899751416201E-05
3.28786437952299E-05
3.13881268414752E-05
2.97392677638443E-05
2.81166766036568E-05
2.66442981929383E-05
2.53852576095354E-05
2.43814049702119E-05
2.36376570962275E-05
2.31013217409507E-05
2.26727573632365E-05
2.22342290261358E-05
2.16987055808497E-05
2.10721740933319E-05
2.0444975905469E-05
1.99009035916442E-05
1.94470285564742E-05
1.90396887168398E-05
1.86273309846896E-05
1.81618288968843E-05
1.76207012987843E-05
1.70151263739804E-05
1.63679537574418E-05
1.56807625636797E-05
1.49384357631919E-05
1.41503640455305E-05
1.33644962669258E-05
1.26330095465062E-05
1.19965063381874E-05
1.1486000229873E-05
1.11224264803884E-05
1.09128766837603E-05
1.08400078141211E-05
1.08580645671639E-05
1.09098619079336E-05
1.09566846073581E-05
1.09915352736251E-05
1.10187362596781E-05
1.10276103973546E-05
1.09885692859459E-05
1.08749904842196E-05
1.0676031285232E-05
1.04014448504116E-05
1.00742291914776E-05
9.71186164374005E-06
9.32564495130098E-06
8.92985596153215E-06
8.54215537124065E-06
8.18496987604507E-06
7.88234583490206E-06
7.65976559764386E-06
7.53168517368397E-06
7.49061460452336E-06
7.52091205326916E-06
7.60338585679307E-06
7.70058526878776E-06
7.76492910631727E-06
7.77206845269534E-06
7.72432612141981E-06
7.62239171583819E-06
7.46411685131238E-06
7.26682117200162E-06
7.05707902305411E-06
6.84697920626995E-06
6.63540952270758E-06
6.42324681670778E-06
6.22580450012744E-06
6.06391576916665E-06
5.94879052975733E-06
5.87864625858859E-06
5.84246771637605E-06
5.8269578895775E-06
5.82881356524847E-06
5.85441119895432E-06
5.90180835586476E-06
5.94745833589393E-06
5.95804711668002E-06
5.92220766968092E-06
5.8629220014701E-06
5.80799656413E-06
5.75822097967303E-06
5.70138429936061E-06
5.63674852792596E-06
5.56867949235047E-06
5.49424618281813E-06
5.40935798378555E-06
5.32006912816655E-06
5.2203991832399E-06
0

