5.20E-06
5.20E-06
5.23E-06
5.29E-06
5.36E-06
5.43E-06
5.49E-06
5.56E-06
5.65E-06
5.76E-06
5.87E-06
5.99E-06
6.08E-06
6.16E-06
6.23E-06
6.29E-06
6.35E-06
6.40E-06
6.44E-06
6.47E-06
6.49E-06
6.53E-06
6.60E-06
6.74E-06
6.94E-06
7.16E-06
7.38E-06
7.58E-06
7.77E-06
7.93E-06
8.06E-06
8.17E-06
8.26E-06
8.30E-06
8.32E-06
8.34E-06
8.38E-06
8.45E-06
8.58E-06
8.75E-06
8.96E-06
9.22E-06
9.53E-06
9.89E-06
1.03E-05
1.07E-05
1.11E-05
1.14E-05
1.17E-05
1.19E-05
1.20E-05
1.21E-05
1.23E-05
1.23E-05
1.24E-05
1.25E-05
1.26E-05
1.27E-05
1.30E-05
1.33E-05
1.38E-05
1.43E-05
1.49E-05
1.56E-05
1.64E-05
1.71E-05
1.77E-05
1.84E-05
1.89E-05
1.95E-05
2.01E-05
2.07E-05
2.13E-05
2.18E-05
2.24E-05
2.32E-05
2.40E-05
2.50E-05
2.59E-05
2.67E-05
2.74E-05
2.82E-05
2.93E-05
3.08E-05
3.24E-05
3.40E-05
3.54E-05
3.65E-05
3.75E-05
3.83E-05
3.90E-05
3.98E-05
4.08E-05
4.18E-05
4.29E-05
4.43E-05
4.61E-05
4.87E-05
5.22E-05
5.66E-05
6.17E-05
6.73E-05
7.33E-05
7.94E-05
8.61E-05
9.37E-05
0.00010260551332
0.000112779635281
0.000124091006993
0.000136358502746
0.000149500092242
0.000163417117546
0.000178076741636
0.000193822824143
0.000211302965579
0.00023127028558
0.000254236381846
0.000279992787761
0.000307944256978
0.000337989355456
0.000370827422233
0.000407214704812
0.00044753957263
0.000492689616649
0.000544021474027
0.000601780010177
0.000665059656166
0.000732895357679
0.000803084758333
0.000870814570284
0.000931343264601
0.000984018244438
0.001033370772649
0.001086026481328
0.001148544059899
0.00122911602559
0.001339741703016
0.001492813446165
0.001696127017033
0.001951703917036
0.002257403386753
0.002611496581224
0.003018412898284
0.00347995182353
0.003980445170146
0.004497866690576
0.00502739964852
0.005589596819066
0.006248087846544
0.007167523904886
0.008607143004088
0.010767295208127
0.013738518098126
0.017746333125592
0.02345011898129
0.031828324411525
0.043669555042763
0.058901371621864
0.075571382545328
0.08919577955307
0.094591871397721
0.089986035584198
0.078205839295761
0.063420103767224
0.048835828139727
0.036348291142027
0.026656793055915
0.019604567087281
0.014644572640946
0.011212585404832
0.008873797933082
0.007323023517146
0.006337971456721
0.005718839720794
0.005273221677513
0.004852881134284
0.004381146921516
0.003857097081945
0.003323660064045
0.002830161682642
0.00241060262394
0.002071193219938
0.001801209021308
0.001589701651345
0.0014283898299
0.001303185933433
0.001191434345377
0.0010715373783
0.000937065539429
0.000799147090854
0.000674388412859
0.000573124486063
0.000497288463894
0.000443122985776
0.000403321125498
0.000370158509347
0.000338465661939
0.000306083472917
0.000273418059369
0.000242697243772
0.000216314863719
0.000195262410018
0.000178994152798
0.0001661518896
0.000155570992957
0.000146649148157
0.000138804413971
0.000131184076112
0.000123201319163
0.000114863135889
0.000106484845433
9.83E-05
9.06E-05
8.36E-05
7.75E-05
7.21E-05
6.72E-05
6.27E-05
5.84E-05
5.45E-05
5.09E-05
4.79E-05
4.54E-05
4.33E-05
4.16E-05
3.99E-05
3.85E-05
3.72E-05
3.63E-05
3.57E-05
3.51E-05
3.43E-05
3.33E-05
3.20E-05
3.05E-05
2.91E-05
2.76E-05
2.62E-05
2.50E-05
2.41E-05
2.34E-05
2.28E-05
2.22E-05
2.17E-05
2.11E-05
2.06E-05
2.01E-05
1.96E-05
1.92E-05
1.88E-05
1.84E-05
1.80E-05
1.76E-05
1.70E-05
1.64E-05
1.56E-05
1.48E-05
1.40E-05
1.32E-05
1.25E-05
1.18E-05
1.13E-05
1.10E-05
1.08E-05
1.07E-05
1.07E-05
1.08E-05
1.08E-05
1.09E-05
1.09E-05
1.09E-05
1.09E-05
1.08E-05
1.06E-05
1.04E-05
1.01E-05
9.70E-06
9.32E-06
8.94E-06
8.58E-06
8.27E-06
8.03E-06
7.85E-06
7.73E-06
7.66E-06
7.62E-06
7.62E-06
7.62E-06
7.63E-06
7.61E-06
7.58E-06
7.51E-06
7.41E-06
7.28E-06
7.14E-06
6.97E-06
6.78E-06
6.59E-06
6.41E-06
6.25E-06
6.11E-06
6.01E-06
5.94E-06
5.89E-06
5.86E-06
5.84E-06
5.84E-06
5.86E-06
5.88E-06
5.90E-06
5.89E-06
5.85E-06
5.79E-06
5.73E-06
5.66E-06
5.60E-06
5.52E-06
5.44E-06
5.36E-06
5.29E-06
0

