5.27E-06
5.29E-06
5.34E-06
5.40E-06
5.47E-06
5.53E-06
5.58E-06
5.63E-06
5.67E-06
5.73E-06
5.82E-06
5.91E-06
6.00E-06
6.07E-06
6.12E-06
6.16E-06
6.20E-06
6.26E-06
6.34E-06
6.43E-06
6.52E-06
6.62E-06
6.73E-06
6.87E-06
7.05E-06
7.25E-06
7.45E-06
7.61E-06
7.74E-06
7.82E-06
7.88E-06
7.94E-06
8.00E-06
8.06E-06
8.11E-06
8.17E-06
8.26E-06
8.41E-06
8.62E-06
8.89E-06
9.17E-06
9.48E-06
9.78E-06
1.01E-05
1.04E-05
1.07E-05
1.10E-05
1.13E-05
1.16E-05
1.18E-05
1.19E-05
1.20E-05
1.20E-05
1.21E-05
1.22E-05
1.23E-05
1.24E-05
1.27E-05
1.30E-05
1.34E-05
1.39E-05
1.45E-05
1.51E-05
1.58E-05
1.65E-05
1.71E-05
1.77E-05
1.82E-05
1.88E-05
1.94E-05
2.00E-05
2.06E-05
2.12E-05
2.18E-05
2.24E-05
2.32E-05
2.41E-05
2.50E-05
2.58E-05
2.65E-05
2.72E-05
2.81E-05
2.93E-05
3.07E-05
3.22E-05
3.36E-05
3.49E-05
3.60E-05
3.68E-05
3.75E-05
3.83E-05
3.91E-05
4.01E-05
4.12E-05
4.25E-05
4.41E-05
4.62E-05
4.90E-05
5.26E-05
5.71E-05
6.24E-05
6.79E-05
7.36E-05
7.94E-05
8.58E-05
9.35E-05
0.000102620204711
0.000113236370413
0.000125052881441
0.000137666557467
0.000150819518394
0.000164540244647
0.00017903985289
0.000194677082954
0.000212010153527
0.000231643710304
0.000253894646643
0.00027868072981
0.000305978907936
0.000336204300653
0.000369880916095
0.000407107771259
0.00044800035214
0.000493554916178
0.000545023336208
0.000602707078222
0.000665720053061
0.000732339228161
0.000799811738204
0.000864228140616
0.000922099888335
0.000973017662594
0.001021182039123
0.001073871643799
0.001139226330794
0.001225424376863
0.001341962815607
0.001498623508832
0.001702751754089
0.001957307209305
0.002260962010058
0.002613072278628
0.003019650531668
0.00348209862522
0.003982189113998
0.004495746815703
0.005017240018338
0.005568913389848
0.006221568937732
0.007148375484989
0.008602981785835
0.010766102095692
0.013720420567439
0.017717186463387
0.023455703385989
0.0319208205273
0.043848915493777
0.059098687519537
0.075713569164385
0.089267901006852
0.094609511869897
0.089957910620212
0.078140044568326
0.063334507900688
0.048749963524964
0.036278594059938
0.026613395490485
0.019585738688372
0.014639653474798
0.011207106618448
0.008857247352893
0.007293314193514
0.006300562721535
0.005682816689788
0.005243001085411
0.004826403231335
0.004357425878996
0.003839493336424
0.003315412434146
0.00283098663759
0.0024174537742
0.00208111788377
0.001811173713386
0.001596454129051
0.001430583195696
0.001302475974278
0.001190532864548
0.001072007487332
0.00093927881557
0.000802821236601
0.000679035564903
0.000577967418711
0.000501338266963
0.000445748579425
0.000404522892136
0.000370374915223
0.000338309105986
0.000306117603739
0.000273884732199
0.000243394852187
0.000216864580682
0.000195534458581
0.000179182374555
0.000166553586939
0.000156331915612
0.000147659928093
0.000139813085938
0.000132052110189
0.000124009451924
0.000115769477035
0.000107522727099
9.94E-05
9.16E-05
8.46E-05
7.87E-05
7.34E-05
6.86E-05
6.39E-05
5.96E-05
5.56E-05
5.21E-05
4.89E-05
4.63E-05
4.41E-05
4.23E-05
4.08E-05
3.95E-05
3.83E-05
3.73E-05
3.64E-05
3.56E-05
3.48E-05
3.37E-05
3.23E-05
3.08E-05
2.93E-05
2.79E-05
2.65E-05
2.53E-05
2.43E-05
2.34E-05
2.27E-05
2.22E-05
2.17E-05
2.12E-05
2.07E-05
2.02E-05
1.98E-05
1.94E-05
1.90E-05
1.86E-05
1.81E-05
1.77E-05
1.71E-05
1.65E-05
1.58E-05
1.51E-05
1.43E-05
1.35E-05
1.28E-05
1.22E-05
1.17E-05
1.12E-05
1.09E-05
1.08E-05
1.07E-05
1.07E-05
1.07E-05
1.08E-05
1.08E-05
1.08E-05
1.08E-05
1.07E-05
1.06E-05
1.04E-05
1.01E-05
9.87E-06
9.54E-06
9.17E-06
8.79E-06
8.43E-06
8.12E-06
7.88E-06
7.72E-06
7.63E-06
7.57E-06
7.53E-06
7.52E-06
7.52E-06
7.53E-06
7.52E-06
7.48E-06
7.40E-06
7.28E-06
7.14E-06
7.00E-06
6.85E-06
6.68E-06
6.50E-06
6.33E-06
6.19E-06
6.07E-06
5.99E-06
5.93E-06
5.90E-06
5.90E-06
5.93E-06
5.98E-06
6.02E-06
6.03E-06
6.01E-06
5.94E-06
5.86E-06
5.77E-06
5.68E-06
5.59E-06
5.51E-06
5.43E-06
5.37E-06
5.33E-06
0

