5.37E-06
5.34E-06
5.35E-06
5.39E-06
5.45E-06
5.50E-06
5.56E-06
5.63E-06
5.72E-06
5.82E-06
5.95E-06
6.07E-06
6.17E-06
6.24E-06
6.28E-06
6.33E-06
6.39E-06
6.46E-06
6.52E-06
6.56E-06
6.59E-06
6.65E-06
6.76E-06
6.91E-06
7.10E-06
7.29E-06
7.46E-06
7.58E-06
7.66E-06
7.73E-06
7.79E-06
7.86E-06
7.91E-06
7.96E-06
8.02E-06
8.12E-06
8.28E-06
8.51E-06
8.77E-06
9.04E-06
9.31E-06
9.60E-06
9.90E-06
1.02E-05
1.05E-05
1.08E-05
1.10E-05
1.12E-05
1.14E-05
1.15E-05
1.16E-05
1.17E-05
1.18E-05
1.20E-05
1.21E-05
1.22E-05
1.25E-05
1.28E-05
1.31E-05
1.36E-05
1.41E-05
1.46E-05
1.53E-05
1.60E-05
1.66E-05
1.72E-05
1.78E-05
1.83E-05
1.88E-05
1.94E-05
1.99E-05
2.05E-05
2.11E-05
2.17E-05
2.24E-05
2.32E-05
2.41E-05
2.50E-05
2.58E-05
2.66E-05
2.74E-05
2.84E-05
2.97E-05
3.11E-05
3.24E-05
3.36E-05
3.46E-05
3.54E-05
3.61E-05
3.68E-05
3.76E-05
3.85E-05
3.95E-05
4.06E-05
4.19E-05
4.36E-05
4.60E-05
4.91E-05
5.29E-05
5.75E-05
6.26E-05
6.79E-05
7.35E-05
7.96E-05
8.65E-05
9.46E-05
0.000103954792718
0.000114691684556
0.000126601612357
0.000139393572388
0.000152747306485
0.000166570646681
0.000181094647841
0.000196790685602
0.000214220141766
0.000233851472642
0.000255943300651
0.000280696874336
0.000308341439027
0.000339087340456
0.000372964250603
0.000409888397772
0.000450510605899
0.000496424362498
0.000548625782252
0.000606682394134
0.000669207712075
0.000734349593261
0.0007996620729
0.000861727255342
0.000917182481683
0.000965522587363
0.001011190842086
0.001062403500526
0.001128268459206
0.001217182251365
0.001338164635826
0.001500000423203
0.001708732808565
0.001965849868273
0.002269441913367
0.002620692472259
0.003028945514017
0.003495594460277
0.003997461759216
0.004505320957029
0.005013552017284
0.00554952018541
0.006193144441146
0.007124422740975
0.008588162476135
0.010745429922144
0.013673494216999
0.017648751609141
0.02340521980918
0.03193242765429
0.043920953761288
0.059171190409482
0.075734798413545
0.089256001817471
0.094605557575441
0.089963249740797
0.078139324521893
0.063330920158076
0.048754491082552
0.036294620024599
0.026638383835637
0.019614903893286
0.014667285306256
0.011224482841758
0.008856548034763
0.00727400119475
0.00627084383521
0.005655790021453
0.005227051716559
0.004821407247967
0.004360213069068
0.003847290969268
0.003325614999771
0.002840428625031
0.002423306730397
0.002083330487011
0.001811090464251
0.001594509523243
0.001426348330533
0.001296501994107
0.001184436448829
0.001067320398329
0.000936863761927
0.000802669675396
0.000680554564427
0.000580235696029
0.000503278794179
0.000446651746092
0.000404451446002
0.000369866450586
0.000337716854148
0.000305462859034
0.000273202652248
0.000242752704257
0.000216177700066
0.000194728941812
0.000178281483735
0.000165624774067
0.000155370725078
0.000146557308645
0.000138537158448
0.000130763179751
0.000122915081506
0.000114968620477
0.000107011138758
9.92E-05
9.17E-05
8.49E-05
7.90E-05
7.38E-05
6.90E-05
6.45E-05
6.02E-05
5.62E-05
5.25E-05
4.92E-05
4.63E-05
4.40E-05
4.22E-05
4.08E-05
3.94E-05
3.82E-05
3.71E-05
3.61E-05
3.54E-05
3.47E-05
3.37E-05
3.26E-05
3.12E-05
2.97E-05
2.83E-05
2.70E-05
2.58E-05
2.47E-05
2.38E-05
2.32E-05
2.26E-05
2.21E-05
2.15E-05
2.09E-05
2.04E-05
1.99E-05
1.95E-05
1.91E-05
1.87E-05
1.84E-05
1.79E-05
1.74E-05
1.68E-05
1.61E-05
1.54E-05
1.47E-05
1.39E-05
1.31E-05
1.25E-05
1.19E-05
1.14E-05
1.10E-05
1.08E-05
1.07E-05
1.07E-05
1.07E-05
1.08E-05
1.08E-05
1.08E-05
1.08E-05
1.07E-05
1.07E-05
1.05E-05
1.03E-05
1.00E-05
9.70E-06
9.32E-06
8.90E-06
8.51E-06
8.19E-06
7.95E-06
7.79E-06
7.67E-06
7.59E-06
7.54E-06
7.51E-06
7.50E-06
7.50E-06
7.50E-06
7.47E-06
7.41E-06
7.32E-06
7.21E-06
7.07E-06
6.90E-06
6.73E-06
6.56E-06
6.39E-06
6.24E-06
6.11E-06
6.00E-06
5.92E-06
5.87E-06
5.86E-06
5.86E-06
5.85E-06
5.84E-06
5.84E-06
5.84E-06
5.84E-06
5.84E-06
5.82E-06
5.77E-06
5.72E-06
5.66E-06
5.60E-06
5.54E-06
5.47E-06
0

