5.53765267467971E-06
5.51611491887375E-06
5.49150521324553E-06
5.47487872802307E-06
5.48219741234086E-06
5.51405727677997E-06
5.56360868595863E-06
5.62814981194281E-06
5.70687753391004E-06
5.79174188813913E-06
5.87256150360723E-06
5.95159405777754E-06
6.04171253676848E-06
6.14583066204345E-06
6.24722051995918E-06
6.32542841794809E-06
6.37450030284617E-06
6.40722752372689E-06
6.44536254557005E-06
6.50128762564722E-06
6.57043432347065E-06
6.6424891759456E-06
6.71913349416182E-06
6.81426665458832E-06
6.93849951180365E-06
7.08917104114874E-06
7.25448211398902E-06
7.42175983076604E-06
7.57762829454619E-06
7.70434426139689E-06
7.79149709787276E-06
7.84576253583878E-06
7.88490828319033E-06
7.92514284457138E-06
7.98056031739023E-06
8.06687256632072E-06
8.19321465735104E-06
8.36072844460908E-06
8.5742224713881E-06
8.85021852280822E-06
9.19891055268002E-06
9.59970286929216E-06
1.00129969867191E-05
1.04118220013267E-05
1.07867549668672E-05
1.11298227542238E-05
1.14201686331715E-05
1.16321311667765E-05
1.1758918864754E-05
1.18258488402978E-05
1.18711670251717E-05
1.19252649972898E-05
1.20015334140148E-05
1.20936512760817E-05
1.21973110932144E-05
1.23284340646099E-05
1.25057390775266E-05
1.2752821176543E-05
1.31080565540351E-05
1.35947686620186E-05
1.41849418064358E-05
1.48148807387729E-05
1.54485976911472E-05
1.60952754622457E-05
1.67527373248687E-05
1.73892163954176E-05
1.79933140526036E-05
1.85905494367752E-05
1.91921388035556E-05
1.97884945100511E-05
2.03758750469634E-05
2.09569685245677E-05
2.15300187086704E-05
2.21106048933923E-05
2.2754103398535E-05
2.34972885445448E-05
2.42681143331174E-05
2.49214225805319E-05
2.54302489050441E-05
2.59508869924588E-05
2.6665596479483E-05
2.76910388689308E-05
2.90734993034894E-05
3.0715020777266E-05
3.2373965902081E-05
3.38539030493484E-05
3.51803670961411E-05
3.64888603815043E-05
3.77995525303576E-05
3.89844995686209E-05
3.99310137463127E-05
4.06808078171444E-05
4.1406379959328E-05
4.22880530552473E-05
4.34524611336407E-05
4.50529776825038E-05
4.7284397122564E-05
5.02614168114161E-05
5.39647453482662E-05
5.835298403738E-05
6.34716678845079E-05
6.93885694461145E-05
7.6004236918083E-05
8.31084319177848E-05
9.06387480421481E-05
9.87959054043492E-05
0.000107922918796
0.000118209947228
0.000129523452012
0.000141563012122
0.000154074077543
0.000167089179473
0.00018102163117
0.00019640733212
0.000213679274141
0.000233249171308
0.000255600741689
0.000281282016928
0.0003105880305
0.000342731621114
0.000375869561438
0.00040862606458
0.000442014307815
0.000479516230033
0.000525033941296
0.000580274997021
0.000643775111775
0.000712483702634
0.000783020999718
0.000850988592854
0.000911573020588
0.000963354882929
0.00100968166799
0.001056167111831
0.00111137539391
0.001188364051263
0.001300384375725
0.001453735765156
0.001648099590428
0.001883555626758
0.002160156764925
0.002472299753224
0.002815786347492
0.003194750658655
0.003617028200541
0.004092687731945
0.004636832853349
0.005274636008939
0.006047604246283
0.007036380227927
0.008402731920178
0.010371144719437
0.013184390786095
0.017117305153794
0.022544972984928
0.030186543151529
0.041366431789212
0.057210202934916
0.076442267496809
0.093966296070229
0.10274137478509
0.098524681113129
0.083493426770402
0.06421135346639
0.046517669083635
0.032973062089797
0.023465157005514
0.016933268899914
0.012518544746538
0.009658349995832
0.007874896323486
0.00675180597807
0.00601677980283
0.005533544772646
0.0051966763577
0.004866456660344
0.004425482912494
0.003865354312902
0.003274336814027
0.002747326706013
0.002326288125194
0.002007903759093
0.001774127239313
0.001598769504643
0.001452727291008
0.001318659042455
0.001192001853544
0.001069556886673
0.000948002803968
0.000828547733545
0.000715832164917
0.000615473464308
0.000532454170997
0.000468476128723
0.000421158421924
0.000385476811785
0.000355582602782
0.000326700497335
0.000296524259874
0.000265407818938
0.000235285567867
0.000208323187763
0.000186178378699
0.000169196521905
0.000156605670629
0.000147347752365
0.000140226109274
0.000133903772663
0.000127365051644
0.000120221532608
0.000112538033449
0.000104582545445
9.67460025322072E-05
8.93709163904854E-05
8.26893800148432E-05
7.6808632666766E-05
7.16230679741976E-05
6.6860152396713E-05
6.2293381031218E-05
5.78798817912095E-05
5.37089489553356E-05
4.99539470889557E-05
4.67560614128771E-05
4.41693623099667E-05
4.21547367990082E-05
4.06281192425072E-05
3.94926631552846E-05
3.86079182911974E-05
3.77844853269738E-05
3.68681390209003E-05
3.5848335435276E-05
3.48381510963723E-05
3.38995637009851E-05
3.2930161548867E-05
3.17493417439429E-05
3.0305350527618E-05
2.87459234270652E-05
2.72530599770264E-05
2.59033601598144E-05
2.47172837016294E-05
2.37493383795384E-05
2.30460831585511E-05
2.25639100484873E-05
2.21627192435152E-05
2.16983239079469E-05
2.11111396610582E-05
2.04422261009348E-05
1.97798367864656E-05
1.92030876715669E-05
1.87505516032531E-05
1.83999324034818E-05
1.80826752815059E-05
1.77355866553146E-05
1.7323269178634E-05
1.68230949372567E-05
1.62293577111502E-05
1.55679407141817E-05
1.48739528340134E-05
1.41647637090733E-05
1.34491762098859E-05
1.27579271128503E-05
1.21355483369345E-05
1.16071530209557E-05
1.11808690669568E-05
1.08734078094092E-05
1.06979139151299E-05
1.06369564014316E-05
1.06459084309449E-05
1.06863624695399E-05
1.07371009736404E-05
1.07799436264654E-05
1.07957666601618E-05
1.07667202511833E-05
1.06744150944684E-05
1.05124984646363E-05
1.02977033458887E-05
1.00594105662583E-05
9.81049183098027E-06
9.53882374421905E-06
9.2330409180899E-06
8.90377770558645E-06
8.57268394511526E-06
8.2556186243084E-06
7.96669599140138E-06
7.72767766403538E-06
7.55545399853712E-06
7.44500608687776E-06
7.37421982860286E-06
7.32401177028872E-06
7.28654330963262E-06
7.25299274515335E-06
7.20851414025043E-06
7.14358275790646E-06
7.0614496486524E-06
6.96931289386092E-06
6.87301216045025E-06
6.77452524068443E-06
6.67064548678289E-06
6.55345054386472E-06
6.42560555708207E-06
6.30452200433262E-06
6.20328355070286E-06
6.11884814396507E-06
6.04411826058934E-06
5.97830757660791E-06
5.92366639812359E-06
5.88189985376888E-06
5.85940693936974E-06
5.85932441016821E-06
5.86963938826448E-06
5.86761972519116E-06
5.83706171422779E-06
5.77516672531562E-06
5.69230859644934E-06
5.60497891550011E-06
5.52873457498291E-06
5.47021495123146E-06
5.42564049783583E-06
5.3920888021337E-06
5.38333109570427E-06
0

