5.50E-06
5.53E-06
5.55E-06
5.58E-06
5.62E-06
5.65E-06
5.68E-06
5.70E-06
5.73E-06
5.77E-06
5.82E-06
5.86E-06
5.90E-06
5.96E-06
6.02E-06
6.09E-06
6.18E-06
6.28E-06
6.40E-06
6.52E-06
6.64E-06
6.78E-06
6.94E-06
7.11E-06
7.27E-06
7.41E-06
7.52E-06
7.61E-06
7.68E-06
7.76E-06
7.83E-06
7.88E-06
7.92E-06
7.97E-06
8.03E-06
8.15E-06
8.34E-06
8.58E-06
8.86E-06
9.18E-06
9.54E-06
9.91E-06
1.03E-05
1.06E-05
1.10E-05
1.12E-05
1.15E-05
1.16E-05
1.16E-05
1.17E-05
1.17E-05
1.18E-05
1.18E-05
1.19E-05
1.21E-05
1.22E-05
1.25E-05
1.29E-05
1.33E-05
1.39E-05
1.45E-05
1.51E-05
1.58E-05
1.65E-05
1.72E-05
1.78E-05
1.83E-05
1.89E-05
1.95E-05
2.00E-05
2.06E-05
2.10E-05
2.15E-05
2.20E-05
2.27E-05
2.35E-05
2.44E-05
2.52E-05
2.59E-05
2.67E-05
2.77E-05
2.90E-05
3.05E-05
3.20E-05
3.35E-05
3.47E-05
3.56E-05
3.64E-05
3.70E-05
3.77E-05
3.84E-05
3.93E-05
4.02E-05
4.12E-05
4.26E-05
4.43E-05
4.67E-05
4.99E-05
5.39E-05
5.85E-05
6.36E-05
6.87E-05
7.42E-05
8.04E-05
8.76E-05
9.62E-05
0.000106083646995
0.000117052644879
0.000128764892425
0.000141140974743
0.000154117796192
0.000167643634029
0.00018205238576
0.000197945625062
0.000215891499317
0.000236228807994
0.000258926719321
0.000283897407472
0.000311484868073
0.000342312955685
0.000376642745811
0.000414478126829
0.00045654669427
0.000504277908589
0.000558267599264
0.000617679549169
0.000681141442742
0.000746482963649
0.000809668802795
0.000866485090069
0.000915662081372
0.000960291635642
0.001006122124045
0.001059765636462
0.001127923182529
0.001218462311426
0.001342439873465
0.001510600618516
0.001726866073504
0.001988040041678
0.002291086552883
0.002642366942648
0.003056343591101
0.003529462998987
0.004025751046739
0.004510294056679
0.004989208262207
0.005506452690228
0.006150122153163
0.007097595628085
0.008571236619834
0.0107040616952
0.013578330072484
0.017520662629267
0.023308998973923
0.031916695308068
0.043949762697853
0.05913191261798
0.075573686234048
0.089080758478989
0.09455808941817
0.090039338870993
0.078242300970593
0.063414221423639
0.048827178129139
0.036367381320387
0.026707813363692
0.019674004116823
0.01471430059955
0.011256858032514
0.008866405601805
0.007254103978549
0.006224228510234
0.005599874434926
0.005181085570632
0.004794418753183
0.004352383309877
0.003854428425702
0.003342715184989
0.002860834561975
0.002440214610332
0.002094798966162
0.001819441181493
0.001602672632771
0.001434539849334
0.001303537298853
0.00119016644436
0.001073049541577
0.000943033142165
0.00080830379735
0.000684602163034
0.000582827358799
0.000505107333154
0.000447949532923
0.000405140025459
0.00037007007933
0.000337813067512
0.000306191895405
0.000275026115861
0.000245195526977
0.000218465002609
0.000196560087523
0.000179764869056
0.000166847291473
0.0001562183226
0.0001470685299
0.000139121465221
0.000131831937869
0.000124489014892
0.000116747484049
0.000108716260414
0.00010073637455
9.31E-05
8.61E-05
7.98E-05
7.43E-05
6.94E-05
6.50E-05
6.08E-05
5.69E-05
5.33E-05
4.99E-05
4.70E-05
4.45E-05
4.24E-05
4.08E-05
3.93E-05
3.80E-05
3.69E-05
3.60E-05
3.52E-05
3.45E-05
3.37E-05
3.28E-05
3.15E-05
3.01E-05
2.87E-05
2.74E-05
2.62E-05
2.50E-05
2.41E-05
2.33E-05
2.26E-05
2.21E-05
2.16E-05
2.10E-05
2.04E-05
1.99E-05
1.95E-05
1.91E-05
1.87E-05
1.83E-05
1.79E-05
1.75E-05
1.70E-05
1.64E-05
1.58E-05
1.51E-05
1.43E-05
1.36E-05
1.29E-05
1.22E-05
1.17E-05
1.12E-05
1.09E-05
1.07E-05
1.06E-05
1.06E-05
1.06E-05
1.06E-05
1.06E-05
1.05E-05
1.05E-05
1.05E-05
1.04E-05
1.03E-05
1.01E-05
9.85E-06
9.54E-06
9.22E-06
8.91E-06
8.62E-06
8.36E-06
8.12E-06
7.91E-06
7.74E-06
7.61E-06
7.52E-06
7.47E-06
7.42E-06
7.36E-06
7.29E-06
7.21E-06
7.12E-06
7.04E-06
6.95E-06
6.86E-06
6.75E-06
6.62E-06
6.49E-06
6.36E-06
6.24E-06
6.15E-06
6.07E-06
6.00E-06
5.93E-06
5.87E-06
5.83E-06
5.80E-06
5.80E-06
5.81E-06
5.82E-06
5.79E-06
5.73E-06
5.67E-06
5.64E-06
5.62E-06
5.61E-06
5.60E-06
5.58E-06
0

