5.56E-06
5.60E-06
5.61E-06
5.63E-06
5.66E-06
5.70E-06
5.72E-06
5.73E-06
5.73E-06
5.76E-06
5.79E-06
5.84E-06
5.90E-06
5.98E-06
6.07E-06
6.16E-06
6.27E-06
6.40E-06
6.56E-06
6.72E-06
6.88E-06
7.04E-06
7.19E-06
7.31E-06
7.41E-06
7.49E-06
7.56E-06
7.61E-06
7.65E-06
7.68E-06
7.72E-06
7.77E-06
7.82E-06
7.91E-06
8.06E-06
8.26E-06
8.49E-06
8.74E-06
9.02E-06
9.33E-06
9.67E-06
1.00E-05
1.03E-05
1.06E-05
1.09E-05
1.12E-05
1.14E-05
1.16E-05
1.16E-05
1.16E-05
1.16E-05
1.16E-05
1.17E-05
1.18E-05
1.19E-05
1.21E-05
1.25E-05
1.28E-05
1.33E-05
1.39E-05
1.46E-05
1.54E-05
1.61E-05
1.67E-05
1.73E-05
1.78E-05
1.82E-05
1.87E-05
1.92E-05
1.97E-05
2.02E-05
2.06E-05
2.11E-05
2.17E-05
2.25E-05
2.34E-05
2.43E-05
2.50E-05
2.57E-05
2.64E-05
2.73E-05
2.86E-05
3.01E-05
3.15E-05
3.28E-05
3.39E-05
3.47E-05
3.55E-05
3.61E-05
3.68E-05
3.77E-05
3.86E-05
3.95E-05
4.06E-05
4.21E-05
4.41E-05
4.68E-05
5.03E-05
5.45E-05
5.92E-05
6.43E-05
6.94E-05
7.49E-05
8.10E-05
8.83E-05
9.68E-05
0.000106674431219
0.000117628757306
0.000129338042064
0.000141501154487
0.000153997645252
0.000166981219352
0.000180969951018
0.00019669779221
0.000214750276675
0.000235322925416
0.000258252857107
0.000283460201633
0.000311302010466
0.000342311052778
0.000376690517425
0.000414660977736
0.00045732340068
0.00050600898693
0.000560630268171
0.000619586872977
0.000681029001023
0.000743008032816
0.00080249587751
0.000856446669935
0.000903873460425
0.000947192418709
0.00099171110385
0.001045124189159
0.001116285982389
0.001213384257232
0.001344837447427
0.001518912349238
0.001738866685619
0.002001908137115
0.002305868612897
0.002657694517915
0.00307053428061
0.003538036732734
0.004023298427393
0.004494746732055
0.004965615417973
0.005483995692337
0.006136127015241
0.007094503803496
0.008571039437459
0.010688998490088
0.013538819454547
0.017474318744463
0.023290852278595
0.031948687533864
0.04401428786578
0.059178222965232
0.075574179452755
0.089072467796932
0.094593164410369
0.090107674791486
0.078293587272628
0.063431708578118
0.048830800684846
0.036375661108935
0.026723306418676
0.019693174122265
0.014736426275945
0.011280367870589
0.008883939667934
0.007256613296769
0.006207821725482
0.005568487423055
0.005142596876309
0.004755742111921
0.004317967099863
0.003827115580965
0.003324683465719
0.002852068751549
0.002438771881823
0.002097931820812
0.00182377290868
0.001605140769098
0.001433601816341
0.001299892125948
0.001186362976875
0.001071616736449
0.000944604019409
0.000812037811405
0.00068932873632
0.000587326288853
0.000508553822392
0.000450516958908
0.00040782742037
0.000373482884341
0.000341562306867
0.000309412587889
0.000276848257674
0.000245255395727
0.000216991373625
0.000193924984168
0.000176276386776
0.000163019904487
0.00015269697512
0.000144121562846
0.000136540186451
0.000129430178534
0.000122351540918
0.000115112785639
0.000107773599805
0.000100425011846
9.31E-05
8.60E-05
7.95E-05
7.40E-05
6.92E-05
6.47E-05
6.04E-05
5.62E-05
5.23E-05
4.89E-05
4.60E-05
4.36E-05
4.16E-05
4.00E-05
3.87E-05
3.75E-05
3.64E-05
3.55E-05
3.48E-05
3.41E-05
3.35E-05
3.27E-05
3.16E-05
3.03E-05
2.89E-05
2.76E-05
2.64E-05
2.52E-05
2.42E-05
2.32E-05
2.25E-05
2.18E-05
2.13E-05
2.08E-05
2.03E-05
1.99E-05
1.95E-05
1.92E-05
1.88E-05
1.84E-05
1.80E-05
1.76E-05
1.71E-05
1.66E-05
1.60E-05
1.53E-05
1.46E-05
1.38E-05
1.31E-05
1.25E-05
1.18E-05
1.13E-05
1.09E-05
1.06E-05
1.05E-05
1.04E-05
1.04E-05
1.04E-05
1.04E-05
1.04E-05
1.05E-05
1.05E-05
1.05E-05
1.04E-05
1.02E-05
9.96E-06
9.70E-06
9.42E-06
9.12E-06
8.80E-06
8.46E-06
8.16E-06
7.90E-06
7.69E-06
7.54E-06
7.42E-06
7.34E-06
7.27E-06
7.22E-06
7.18E-06
7.18E-06
7.17E-06
7.14E-06
7.08E-06
7.00E-06
6.90E-06
6.79E-06
6.68E-06
6.57E-06
6.46E-06
6.35E-06
6.23E-06
6.10E-06
5.97E-06
5.86E-06
5.79E-06
5.74E-06
5.72E-06
5.72E-06
5.74E-06
5.77E-06
5.78E-06
5.77E-06
5.74E-06
5.72E-06
5.72E-06
5.75E-06
5.77E-06
0

