5.75E-06
5.82E-06
5.84E-06
5.85E-06
5.84E-06
5.81E-06
5.79E-06
5.75E-06
5.71E-06
5.67E-06
5.65E-06
5.68E-06
5.76E-06
5.87E-06
5.99E-06
6.13E-06
6.29E-06
6.47E-06
6.66E-06
6.88E-06
7.12E-06
7.35E-06
7.53E-06
7.66E-06
7.72E-06
7.73E-06
7.72E-06
7.69E-06
7.68E-06
7.68E-06
7.67E-06
7.67E-06
7.71E-06
7.83E-06
8.04E-06
8.31E-06
8.60E-06
8.92E-06
9.27E-06
9.66E-06
1.01E-05
1.04E-05
1.07E-05
1.10E-05
1.12E-05
1.14E-05
1.16E-05
1.16E-05
1.16E-05
1.16E-05
1.16E-05
1.16E-05
1.17E-05
1.18E-05
1.21E-05
1.23E-05
1.27E-05
1.31E-05
1.36E-05
1.43E-05
1.50E-05
1.58E-05
1.65E-05
1.71E-05
1.76E-05
1.80E-05
1.85E-05
1.90E-05
1.95E-05
2.00E-05
2.05E-05
2.10E-05
2.14E-05
2.21E-05
2.29E-05
2.38E-05
2.47E-05
2.55E-05
2.62E-05
2.72E-05
2.84E-05
2.98E-05
3.14E-05
3.29E-05
3.41E-05
3.51E-05
3.59E-05
3.65E-05
3.72E-05
3.79E-05
3.87E-05
3.96E-05
4.06E-05
4.18E-05
4.33E-05
4.55E-05
4.84E-05
5.21E-05
5.64E-05
6.11E-05
6.61E-05
7.12E-05
7.67E-05
8.29E-05
9.03E-05
9.89E-05
0.000108956025276
0.000120083839789
0.000131923013415
0.000144182075951
0.000156910247137
0.000170416867166
0.00018512125142
0.00020153098376
0.000220028522312
0.000240646832502
0.00026330411752
0.000288300590613
0.000316370131238
0.000348095307962
0.000383535895325
0.000422976667259
0.000467740113952
0.000518919325703
0.000575582539188
0.00063527558492
0.000695890952267
0.00075581043772
0.000812491669722
0.00086330865895
0.0009078912397
0.000949118092387
0.000992492797108
0.001046341496156
0.00112100693051
0.001224911758441
0.001363594912046
0.001542212102383
0.001763923860127
0.002028054676596
0.002333909808682
0.002687056856117
0.003096104981457
0.003550829759276
0.004016615826934
0.004470059150837
0.004932360345463
0.005452484524812
0.006110700857966
0.007072029846769
0.008539974001599
0.01063334063354
0.013451267900953
0.01736448578548
0.02317233805864
0.031819915578294
0.043847464681067
0.058936682964833
0.075276952969663
0.088836240671438
0.094542480051922
0.09023445617779
0.078494691338518
0.063636109005576
0.049018606465624
0.036537938241051
0.026848796493778
0.019778647328218
0.014791532443192
0.011317647043607
0.008907091280453
0.007262483666771
0.006194566262517
0.005540327057866
0.005108301048461
0.004724644425765
0.004297278724342
0.003820460678914
0.003331567502817
0.002868508162698
0.002459768825607
0.002119408814218
0.001843199469987
0.001621120390892
0.001445560208608
0.001308154856636
0.001192029584695
0.001075684033185
0.000947554401497
0.000814075620827
0.000690661547085
0.000587872189451
0.000508073256067
0.000448874208753
0.000405257430301
0.000370612726496
0.000339172241001
0.000307937026107
0.00027618767788
0.000245191741585
0.000217429821245
0.000194867572786
0.000177691827017
0.00016475494764
0.000154586907417
0.000146073145502
0.000138552246718
0.000131469661114
0.000124186001899
0.000116416164356
0.000108400238287
0.000100508398309
9.29E-05
8.58E-05
7.93E-05
7.36E-05
6.88E-05
6.44E-05
6.03E-05
5.65E-05
5.31E-05
4.99E-05
4.71E-05
4.46E-05
4.24E-05
4.05E-05
3.90E-05
3.77E-05
3.66E-05
3.57E-05
3.50E-05
3.44E-05
3.37E-05
3.30E-05
3.19E-05
3.05E-05
2.91E-05
2.77E-05
2.64E-05
2.52E-05
2.41E-05
2.31E-05
2.24E-05
2.19E-05
2.14E-05
2.10E-05
2.05E-05
1.99E-05
1.94E-05
1.90E-05
1.86E-05
1.83E-05
1.79E-05
1.76E-05
1.72E-05
1.67E-05
1.62E-05
1.55E-05
1.48E-05
1.40E-05
1.33E-05
1.25E-05
1.19E-05
1.13E-05
1.08E-05
1.05E-05
1.03E-05
1.03E-05
1.03E-05
1.03E-05
1.04E-05
1.04E-05
1.05E-05
1.05E-05
1.05E-05
1.04E-05
1.03E-05
1.02E-05
9.92E-06
9.62E-06
9.26E-06
8.86E-06
8.46E-06
8.09E-06
7.80E-06
7.58E-06
7.42E-06
7.32E-06
7.25E-06
7.21E-06
7.19E-06
7.19E-06
7.22E-06
7.27E-06
7.29E-06
7.27E-06
7.21E-06
7.12E-06
7.02E-06
6.91E-06
6.77E-06
6.62E-06
6.46E-06
6.30E-06
6.14E-06
6.01E-06
5.92E-06
5.87E-06
5.83E-06
5.79E-06
5.74E-06
5.70E-06
5.69E-06
5.69E-06
5.71E-06
5.73E-06
5.75E-06
5.77E-06
5.81E-06
5.84E-06
0

