5.80E-06
5.87E-06
5.91E-06
5.94E-06
5.94E-06
5.92E-06
5.88E-06
5.80E-06
5.71E-06
5.65E-06
5.65E-06
5.71E-06
5.81E-06
5.94E-06
6.08E-06
6.23E-06
6.38E-06
6.56E-06
6.75E-06
6.98E-06
7.21E-06
7.42E-06
7.58E-06
7.68E-06
7.74E-06
7.76E-06
7.72E-06
7.67E-06
7.61E-06
7.57E-06
7.56E-06
7.59E-06
7.68E-06
7.83E-06
8.04E-06
8.29E-06
8.58E-06
8.92E-06
9.33E-06
9.77E-06
1.02E-05
1.06E-05
1.10E-05
1.12E-05
1.14E-05
1.16E-05
1.16E-05
1.16E-05
1.15E-05
1.14E-05
1.14E-05
1.13E-05
1.14E-05
1.15E-05
1.17E-05
1.21E-05
1.25E-05
1.31E-05
1.37E-05
1.45E-05
1.53E-05
1.62E-05
1.69E-05
1.75E-05
1.80E-05
1.84E-05
1.88E-05
1.92E-05
1.96E-05
1.99E-05
2.03E-05
2.07E-05
2.12E-05
2.19E-05
2.28E-05
2.36E-05
2.45E-05
2.52E-05
2.60E-05
2.71E-05
2.83E-05
2.98E-05
3.12E-05
3.26E-05
3.37E-05
3.46E-05
3.54E-05
3.60E-05
3.65E-05
3.72E-05
3.80E-05
3.88E-05
3.98E-05
4.11E-05
4.28E-05
4.51E-05
4.82E-05
5.19E-05
5.63E-05
6.09E-05
6.58E-05
7.10E-05
7.68E-05
8.36E-05
9.15E-05
0.000100367219609
0.000110253613054
0.000121017099389
0.000132519391051
0.000144518650548
0.000156945501704
0.000170145107262
0.000184669288998
0.000200956398431
0.000219133175873
0.00023911914845
0.000261212756508
0.000286178516273
0.000314592235233
0.000346398409756
0.000381448610482
0.000420555425265
0.000465300713048
0.000516319367163
0.000572468620577
0.000631569362813
0.000691295152968
0.000749165000898
0.000802327256017
0.000849109273981
0.000891237737496
0.000932893063085
0.000978690224877
0.001035181319975
0.001112081066395
0.00121852542166
0.001360327319222
0.001541687265555
0.0017647349194
0.002029141918456
0.002335661605423
0.002690356951013
0.003098624569657
0.003546147139644
0.003999993505889
0.004444882978031
0.004908668091421
0.005439070531352
0.00611182313024
0.007087116437892
0.008558831532422
0.010638730650638
0.013440350414024
0.017365674314586
0.023229443835423
0.031957276362946
0.04404558772858
0.059138564593873
0.07542928530062
0.088922325929134
0.094570081941213
0.090202411007991
0.078398163092191
0.063503662622639
0.048895664103973
0.03644819177616
0.026789930161593
0.019742186095555
0.014774214111424
0.011316201596831
0.008911757677487
0.007261946892257
0.006182798895317
0.005517617287312
0.00507996644111
0.004697550239447
0.004276079290658
0.003807019018359
0.003325895230755
0.002869010877538
0.002463452863749
0.002123171828175
0.001845496577543
0.001621288643231
0.001443389167363
0.001304153565019
0.001187635070711
0.001072838855934
0.000947872006209
0.000817564992928
0.000695892418226
0.000593345966073
0.000512973993027
0.000452772324536
0.000407949596957
0.00037214624143
0.000339808505748
0.000308045115099
0.000276182669968
0.000245331605989
0.000217636888256
0.000194809887113
0.000177133361071
0.00016373035596
0.00015331247484
0.000144730453537
0.000137220729919
0.000130261539234
0.000123363873914
0.000116272111473
0.000109033443112
0.000101750234054
9.45E-05
8.74E-05
8.09E-05
7.52E-05
7.02E-05
6.55E-05
6.11E-05
5.70E-05
5.32E-05
4.99E-05
4.68E-05
4.42E-05
4.21E-05
4.04E-05
3.89E-05
3.75E-05
3.64E-05
3.55E-05
3.48E-05
3.42E-05
3.37E-05
3.31E-05
3.22E-05
3.10E-05
2.96E-05
2.82E-05
2.68E-05
2.56E-05
2.44E-05
2.33E-05
2.24E-05
2.18E-05
2.13E-05
2.08E-05
2.03E-05
1.98E-05
1.94E-05
1.91E-05
1.87E-05
1.84E-05
1.81E-05
1.79E-05
1.76E-05
1.71E-05
1.66E-05
1.60E-05
1.53E-05
1.45E-05
1.37E-05
1.29E-05
1.22E-05
1.15E-05
1.10E-05
1.05E-05
1.02E-05
1.01E-05
1.02E-05
1.02E-05
1.03E-05
1.04E-05
1.06E-05
1.07E-05
1.08E-05
1.08E-05
1.07E-05
1.06E-05
1.03E-05
1.00E-05
9.57E-06
9.10E-06
8.63E-06
8.21E-06
7.85E-06
7.57E-06
7.35E-06
7.18E-06
7.07E-06
7.02E-06
7.05E-06
7.11E-06
7.19E-06
7.28E-06
7.35E-06
7.40E-06
7.40E-06
7.36E-06
7.29E-06
7.18E-06
7.03E-06
6.85E-06
6.64E-06
6.41E-06
6.18E-06
5.97E-06
5.80E-06
5.68E-06
5.60E-06
5.57E-06
5.55E-06
5.57E-06
5.63E-06
5.70E-06
5.75E-06
5.77E-06
5.78E-06
5.79E-06
5.81E-06
5.82E-06
0

