5.88E-06
5.93E-06
5.92E-06
5.89E-06
5.85E-06
5.79E-06
5.73E-06
5.68E-06
5.64E-06
5.60E-06
5.59E-06
5.61E-06
5.69E-06
5.80E-06
5.94E-06
6.11E-06
6.30E-06
6.52E-06
6.77E-06
7.02E-06
7.26E-06
7.46E-06
7.62E-06
7.73E-06
7.79E-06
7.80E-06
7.77E-06
7.72E-06
7.66E-06
7.59E-06
7.55E-06
7.55E-06
7.63E-06
7.80E-06
8.04E-06
8.34E-06
8.69E-06
9.11E-06
9.57E-06
1.00E-05
1.05E-05
1.09E-05
1.12E-05
1.14E-05
1.16E-05
1.17E-05
1.17E-05
1.16E-05
1.15E-05
1.14E-05
1.13E-05
1.13E-05
1.14E-05
1.15E-05
1.18E-05
1.22E-05
1.27E-05
1.33E-05
1.40E-05
1.48E-05
1.56E-05
1.64E-05
1.71E-05
1.77E-05
1.81E-05
1.86E-05
1.90E-05
1.94E-05
1.98E-05
2.02E-05
2.06E-05
2.10E-05
2.15E-05
2.22E-05
2.30E-05
2.39E-05
2.47E-05
2.54E-05
2.63E-05
2.75E-05
2.89E-05
3.05E-05
3.20E-05
3.34E-05
3.45E-05
3.53E-05
3.60E-05
3.67E-05
3.73E-05
3.79E-05
3.85E-05
3.93E-05
4.01E-05
4.13E-05
4.31E-05
4.55E-05
4.87E-05
5.27E-05
5.71E-05
6.18E-05
6.67E-05
7.19E-05
7.78E-05
8.46E-05
9.26E-05
0.000101775817864
0.000111796968161
0.000122443534448
0.0001336876599
0.000145540029228
0.000158002426333
0.000171383728601
0.000186207474293
0.000202954235374
0.000221901641219
0.000243018064922
0.000266308144729
0.000292196982188
0.000321157238881
0.000353180108695
0.000388277920487
0.000427561182921
0.000472752536799
0.000524337983362
0.000581065994402
0.000640698731193
0.000700453262014
0.000757141221004
0.000808031916365
0.000852458950943
0.00089320062865
0.000934735458922
0.000981356799077
0.001039197522006
0.001117304788073
0.001224951460966
0.001369256958869
0.001555206940563
0.001783842998953
0.002053026572348
0.002362386430692
0.002717776412928
0.003122698169035
0.003559834489728
0.003997667889604
0.004428025356365
0.004884699118033
0.00541542101505
0.006093790583323
0.007076142479445
0.008546599362878
0.010608432734907
0.013383136319903
0.01729209401132
0.023155071253944
0.03187917295062
0.043932536921859
0.05895252060419
0.075186118343708
0.088726657107614
0.09453670153189
0.090324999103167
0.078573649054679
0.06366012103107
0.049022935342269
0.036553085152106
0.026870429283415
0.019795822444678
0.014806730605319
0.011335637820578
0.008919097607997
0.007253989130408
0.006159767542903
0.005485895855126
0.005050171535486
0.004678142683534
0.004269226164873
0.003810977830715
0.003337633126412
0.002884857015805
0.002479166310941
0.002135613953448
0.00185411430252
0.00162666200847
0.001446316825794
0.001305509745429
0.001188459025572
0.001074280407687
0.000950390716573
0.000820190604919
0.000697086127246
0.000592471384691
0.00051036768177
0.000449248311696
0.00040463932844
0.000370213926683
0.00033991232243
0.000310069856685
0.000279423550015
0.000248900756482
0.000220873348587
0.000197478496539
0.000179385160807
0.000165727880367
0.000154983855283
0.000145937256332
0.000138019831206
0.000130854323467
0.000123865524623
0.000116634493259
0.000109223125505
0.000101848948955
9.46E-05
8.76E-05
8.09E-05
7.49E-05
6.97E-05
6.52E-05
6.12E-05
5.75E-05
5.39E-05
5.07E-05
4.78E-05
4.52E-05
4.30E-05
4.10E-05
3.92E-05
3.78E-05
3.66E-05
3.56E-05
3.49E-05
3.43E-05
3.39E-05
3.33E-05
3.24E-05
3.13E-05
2.99E-05
2.85E-05
2.72E-05
2.60E-05
2.48E-05
2.37E-05
2.27E-05
2.20E-05
2.14E-05
2.09E-05
2.04E-05
2.00E-05
1.96E-05
1.92E-05
1.88E-05
1.85E-05
1.81E-05
1.78E-05
1.74E-05
1.70E-05
1.66E-05
1.61E-05
1.54E-05
1.47E-05
1.38E-05
1.30E-05
1.23E-05
1.16E-05
1.10E-05
1.05E-05
1.02E-05
1.01E-05
1.00E-05
1.01E-05
1.02E-05
1.03E-05
1.04E-05
1.06E-05
1.07E-05
1.07E-05
1.06E-05
1.05E-05
1.03E-05
9.95E-06
9.58E-06
9.17E-06
8.73E-06
8.28E-06
7.89E-06
7.58E-06
7.37E-06
7.23E-06
7.13E-06
7.09E-06
7.10E-06
7.15E-06
7.23E-06
7.31E-06
7.36E-06
7.38E-06
7.39E-06
7.39E-06
7.35E-06
7.26E-06
7.10E-06
6.90E-06
6.65E-06
6.40E-06
6.15E-06
5.93E-06
5.77E-06
5.65E-06
5.59E-06
5.55E-06
5.54E-06
5.58E-06
5.66E-06
5.75E-06
5.82E-06
5.87E-06
5.91E-06
5.94E-06
5.96E-06
5.98E-06
0

