5.87E-06
5.94E-06
5.94E-06
5.91E-06
5.86E-06
5.81E-06
5.74E-06
5.66E-06
5.60E-06
5.56E-06
5.56E-06
5.58E-06
5.65E-06
5.76E-06
5.94E-06
6.16E-06
6.41E-06
6.67E-06
6.92E-06
7.16E-06
7.38E-06
7.55E-06
7.69E-06
7.78E-06
7.83E-06
7.84E-06
7.80E-06
7.72E-06
7.62E-06
7.52E-06
7.45E-06
7.47E-06
7.59E-06
7.80E-06
8.07E-06
8.40E-06
8.76E-06
9.17E-06
9.62E-06
1.01E-05
1.05E-05
1.09E-05
1.12E-05
1.14E-05
1.15E-05
1.15E-05
1.15E-05
1.15E-05
1.14E-05
1.14E-05
1.13E-05
1.13E-05
1.14E-05
1.15E-05
1.18E-05
1.22E-05
1.28E-05
1.34E-05
1.41E-05
1.49E-05
1.58E-05
1.65E-05
1.72E-05
1.78E-05
1.83E-05
1.87E-05
1.91E-05
1.95E-05
1.98E-05
2.00E-05
2.03E-05
2.07E-05
2.13E-05
2.21E-05
2.30E-05
2.39E-05
2.47E-05
2.56E-05
2.65E-05
2.77E-05
2.92E-05
3.07E-05
3.22E-05
3.34E-05
3.44E-05
3.51E-05
3.57E-05
3.62E-05
3.69E-05
3.76E-05
3.83E-05
3.91E-05
4.02E-05
4.15E-05
4.35E-05
4.61E-05
4.94E-05
5.34E-05
5.79E-05
6.25E-05
6.72E-05
7.22E-05
7.81E-05
8.50E-05
9.31E-05
0.000102328365424
0.000112477460184
0.000123375592738
0.000134807160936
0.000146540555405
0.000158597952539
0.000171562842302
0.00018622025998
0.00020296895724
0.000221740607672
0.000242328516336
0.00026491723455
0.000290339476269
0.000319415890592
0.000352114369877
0.000388163394249
0.000428481186329
0.000474827765814
0.000527597897794
0.000584772056354
0.000643254386949
0.000700418747025
0.000754304547948
0.000803642959761
0.000848242727814
0.000889832849736
0.000931562253874
0.000977969705062
0.001036672917288
0.001116921499412
0.001226779052297
0.001373059683262
0.001561297158881
0.001791879389033
0.002061620619126
0.002370662847778
0.002726841404048
0.003132871976775
0.003567064291291
0.003996359857027
0.004417451044682
0.004869139083262
0.005399685029909
0.006083449814681
0.007075832417482
0.008551523922917
0.010604619314469
0.013365249967371
0.017274851090461
0.023158744397345
0.031905243581406
0.043954340414784
0.058932800914113
0.075119433641171
0.088662867155872
0.094536125894288
0.090380257049614
0.078628448183752
0.063692610476084
0.049047000519022
0.03657685971315
0.026887568811646
0.01980287770741
0.014809247049717
0.011338497697007
0.008918682092001
0.007243230006526
0.006135497195492
0.00545187886382
0.005016793609149
0.004655320612745
0.004259719292158
0.003811718118544
0.003343642264942
0.002891808688044
0.002484132506108
0.002137922041479
0.001855027953388
0.001626775918717
0.001445388697192
0.0013037866661
0.001187399065985
0.001075559860224
0.000954062873185
0.000824757754351
0.000701410110933
0.000596824445751
0.000515135210266
0.000454001584074
0.000408647106689
0.000372962970582
0.000341270357269
0.000310365109637
0.000279227751901
0.000248513943876
0.000220144539555
0.000196134110118
0.000177390350475
0.000163359870481
0.000152636857397
0.000143884606722
0.000136386844087
0.000129659746445
0.000123105782526
0.000116304939843
0.000109285474963
0.00010220196674
9.51E-05
8.81E-05
8.15E-05
7.56E-05
7.05E-05
6.61E-05
6.20E-05
5.81E-05
5.42E-05
5.06E-05
4.74E-05
4.46E-05
4.22E-05
4.03E-05
3.87E-05
3.74E-05
3.63E-05
3.54E-05
3.47E-05
3.42E-05
3.38E-05
3.34E-05
3.27E-05
3.16E-05
3.03E-05
2.89E-05
2.75E-05
2.62E-05
2.49E-05
2.36E-05
2.26E-05
2.17E-05
2.10E-05
2.06E-05
2.02E-05
1.98E-05
1.94E-05
1.91E-05
1.88E-05
1.85E-05
1.83E-05
1.80E-05
1.77E-05
1.74E-05
1.70E-05
1.64E-05
1.58E-05
1.51E-05
1.42E-05
1.34E-05
1.26E-05
1.18E-05
1.12E-05
1.06E-05
1.02E-05
1.00E-05
9.98E-06
1.00E-05
1.02E-05
1.03E-05
1.05E-05
1.07E-05
1.08E-05
1.08E-05
1.08E-05
1.06E-05
1.04E-05
1.01E-05
9.76E-06
9.34E-06
8.87E-06
8.39E-06
7.94E-06
7.57E-06
7.31E-06
7.16E-06
7.10E-06
7.09E-06
7.12E-06
7.18E-06
7.26E-06
7.36E-06
7.46E-06
7.55E-06
7.59E-06
7.57E-06
7.48E-06
7.33E-06
7.13E-06
6.90E-06
6.64E-06
6.38E-06
6.14E-06
5.93E-06
5.76E-06
5.63E-06
5.55E-06
5.51E-06
5.49E-06
5.51E-06
5.58E-06
5.69E-06
5.81E-06
5.90E-06
5.93E-06
5.94E-06
5.94E-06
5.94E-06
0

