5.88E-06
5.92E-06
5.93E-06
5.91E-06
5.87E-06
5.79E-06
5.70E-06
5.62E-06
5.59E-06
5.59E-06
5.64E-06
5.69E-06
5.76E-06
5.87E-06
6.01E-06
6.20E-06
6.44E-06
6.70E-06
6.97E-06
7.23E-06
7.45E-06
7.63E-06
7.76E-06
7.83E-06
7.84E-06
7.80E-06
7.72E-06
7.62E-06
7.50E-06
7.40E-06
7.36E-06
7.40E-06
7.55E-06
7.78E-06
8.07E-06
8.42E-06
8.83E-06
9.29E-06
9.75E-06
1.02E-05
1.06E-05
1.10E-05
1.13E-05
1.15E-05
1.16E-05
1.16E-05
1.16E-05
1.15E-05
1.14E-05
1.13E-05
1.13E-05
1.13E-05
1.14E-05
1.16E-05
1.20E-05
1.24E-05
1.29E-05
1.35E-05
1.42E-05
1.50E-05
1.58E-05
1.65E-05
1.71E-05
1.77E-05
1.82E-05
1.86E-05
1.90E-05
1.94E-05
1.97E-05
2.00E-05
2.02E-05
2.06E-05
2.12E-05
2.19E-05
2.28E-05
2.35E-05
2.43E-05
2.52E-05
2.63E-05
2.77E-05
2.91E-05
3.06E-05
3.20E-05
3.32E-05
3.41E-05
3.48E-05
3.53E-05
3.58E-05
3.64E-05
3.72E-05
3.80E-05
3.89E-05
4.00E-05
4.14E-05
4.33E-05
4.60E-05
4.94E-05
5.33E-05
5.76E-05
6.22E-05
6.70E-05
7.23E-05
7.85E-05
8.56E-05
9.37E-05
0.000102969560925
0.000113152649264
0.000123979302698
0.000135114402333
0.000146491778809
0.000158415516359
0.000171395672159
0.000185996671716
0.000202629475317
0.000221424473092
0.000242348392318
0.000265574978239
0.000291648405634
0.000320990275049
0.00035347505821
0.000389198441106
0.000429386907359
0.000475466507687
0.000527331001992
0.0005830031935
0.000639897490953
0.000695869156681
0.000748930020065
0.000797393900553
0.000840826440093
0.00088082380395
0.000920574343971
0.000965856459067
0.001026059309662
0.001110810538198
0.001226550309772
0.00137818412061
0.001569969258009
0.001801368745541
0.00206951253118
0.002377129703687
0.002734945072092
0.003144160460855
0.003577113172643
0.003997254043308
0.004405144725684
0.004846204265923
0.005373177518572
0.006064585988565
0.007074235857788
0.008563435999892
0.010613934500795
0.013364604439801
0.017280279293074
0.023196318562901
0.031983206264838
0.044048045001035
0.058998925613383
0.075136142985444
0.088654001704859
0.094544330941592
0.090407634033916
0.078636596356896
0.063666778874559
0.049005089487503
0.036536854430233
0.026854322452783
0.019777719974633
0.014793655755023
0.011329366833003
0.00890772443585
0.007223376587102
0.006105672667878
0.005417376247069
0.004987263709437
0.004637265549901
0.004252128926814
0.003810098267716
0.003344723263236
0.002894929642105
0.002489750762574
0.002146221478039
0.001865043456467
0.001635967760924
0.001451127396771
0.001304905909449
0.00118508375219
0.001072355128526
0.000951885910745
0.000824443244165
0.000703170704536
0.000600295602571
0.000519450801433
0.000458344139386
0.000412554591535
0.000376262964558
0.000343934761119
0.000312424520273
0.000280933846791
0.00025013751945
0.00022162168493
0.000197155045762
0.000177703813046
0.000162989854309
0.000151892437473
0.000143124965222
0.000135783257212
0.000129179551014
0.000122696309287
0.000115936813406
0.000108918633296
0.000101932538529
9.52E-05
8.86E-05
8.23E-05
7.65E-05
7.14E-05
6.69E-05
6.27E-05
5.87E-05
5.49E-05
5.14E-05
4.81E-05
4.52E-05
4.28E-05
4.08E-05
3.92E-05
3.78E-05
3.66E-05
3.56E-05
3.48E-05
3.42E-05
3.38E-05
3.33E-05
3.28E-05
3.19E-05
3.08E-05
2.94E-05
2.79E-05
2.65E-05
2.51E-05
2.39E-05
2.27E-05
2.18E-05
2.12E-05
2.07E-05
2.03E-05
1.98E-05
1.94E-05
1.90E-05
1.88E-05
1.86E-05
1.84E-05
1.81E-05
1.78E-05
1.74E-05
1.70E-05
1.65E-05
1.59E-05
1.51E-05
1.43E-05
1.35E-05
1.27E-05
1.20E-05
1.14E-05
1.08E-05
1.04E-05
1.01E-05
9.99E-06
1.00E-05
1.01E-05
1.02E-05
1.04E-05
1.05E-05
1.06E-05
1.06E-05
1.06E-05
1.05E-05
1.03E-05
1.01E-05
9.73E-06
9.34E-06
8.92E-06
8.49E-06
8.07E-06
7.70E-06
7.41E-06
7.21E-06
7.11E-06
7.08E-06
7.10E-06
7.14E-06
7.22E-06
7.33E-06
7.44E-06
7.54E-06
7.60E-06
7.58E-06
7.50E-06
7.36E-06
7.17E-06
6.94E-06
6.67E-06
6.40E-06
6.14E-06
5.90E-06
5.70E-06
5.55E-06
5.43E-06
5.37E-06
5.36E-06
5.40E-06
5.47E-06
5.56E-06
5.67E-06
5.78E-06
5.86E-06
5.92E-06
5.96E-06
5.98E-06
0

