5.84E-06
5.94E-06
5.98E-06
5.98E-06
5.93E-06
5.85E-06
5.78E-06
5.73E-06
5.70E-06
5.69E-06
5.70E-06
5.71E-06
5.75E-06
5.82E-06
5.92E-06
6.07E-06
6.27E-06
6.50E-06
6.78E-06
7.08E-06
7.37E-06
7.63E-06
7.83E-06
7.96E-06
8.01E-06
7.99E-06
7.93E-06
7.85E-06
7.75E-06
7.66E-06
7.61E-06
7.61E-06
7.68E-06
7.83E-06
8.07E-06
8.38E-06
8.78E-06
9.25E-06
9.75E-06
1.02E-05
1.07E-05
1.11E-05
1.14E-05
1.16E-05
1.17E-05
1.17E-05
1.17E-05
1.17E-05
1.16E-05
1.16E-05
1.15E-05
1.15E-05
1.16E-05
1.18E-05
1.21E-05
1.25E-05
1.30E-05
1.37E-05
1.44E-05
1.52E-05
1.60E-05
1.67E-05
1.73E-05
1.79E-05
1.84E-05
1.88E-05
1.93E-05
1.97E-05
2.01E-05
2.05E-05
2.08E-05
2.13E-05
2.18E-05
2.26E-05
2.34E-05
2.42E-05
2.49E-05
2.57E-05
2.67E-05
2.81E-05
2.96E-05
3.12E-05
3.25E-05
3.37E-05
3.46E-05
3.54E-05
3.60E-05
3.67E-05
3.73E-05
3.78E-05
3.85E-05
3.94E-05
4.06E-05
4.23E-05
4.45E-05
4.74E-05
5.10E-05
5.51E-05
5.93E-05
6.36E-05
6.80E-05
7.31E-05
7.93E-05
8.65E-05
9.48E-05
0.000104084313963
0.000114181076234
0.00012499161424
0.000136231030583
0.000147762389684
0.000159889301417
0.000173177095999
0.0001881568259
0.000205091560472
0.000223958587768
0.000244791603346
0.00026799766773
0.000294261826988
0.000323983403042
0.000357025411286
0.000393629689792
0.000435098032338
0.000482428503686
0.000534965401966
0.000590856568668
0.000647960305412
0.000703955250328
0.000756051991942
0.000802142772883
0.000842592387259
0.000880358763598
0.000919504468147
0.000966295526522
0.00102974842689
0.00111845748264
0.001237829457535
0.001391993044471
0.00158467104042
0.001815536056337
0.002082540521168
0.002389850086605
0.002748853692446
0.003158305359113
0.003586350550234
0.003995568145311
0.00439043617666
0.004820341283214
0.005339719703703
0.006029903078606
0.007045324597051
0.008539524583605
0.010585362041568
0.013324756125358
0.017234062677219
0.023151596251842
0.031933275727038
0.043965541864531
0.058855713817846
0.07494816584394
0.088503231727345
0.094520098602453
0.090503830029346
0.078770332689773
0.063785764339974
0.049104071158135
0.036616925947221
0.02691006871184
0.019810471818843
0.014812946232657
0.011342825271955
0.008914988677918
0.007220198222992
0.006090889105694
0.005395841626923
0.004968090272507
0.004626881649748
0.004250917521709
0.003815713240952
0.003355192437188
0.002908982646057
0.002505734323841
0.002162057146913
0.00187880470374
0.0016461114444
0.001456957041202
0.001307006153781
0.00118568340548
0.001074106642972
0.000956215269311
0.000830955919132
0.000710167352407
0.000605783212883
0.000522232520649
0.000458409698632
0.000410759353761
0.000373884166916
0.000342099622952
0.000311549234771
0.000280872496551
0.000250414697809
0.000221769148476
0.000197066712169
0.000177595450525
0.000163043411449
0.000152115150933
0.000143427792616
0.000136003140616
0.000129252397696
0.000122747539393
0.000116119202817
0.000109268710758
0.00010235229512
9.55E-05
8.87E-05
8.21E-05
7.61E-05
7.08E-05
6.63E-05
6.22E-05
5.84E-05
5.48E-05
5.14E-05
4.83E-05
4.55E-05
4.30E-05
4.09E-05
3.91E-05
3.76E-05
3.63E-05
3.53E-05
3.46E-05
3.41E-05
3.37E-05
3.34E-05
3.29E-05
3.20E-05
3.09E-05
2.94E-05
2.80E-05
2.66E-05
2.54E-05
2.42E-05
2.31E-05
2.22E-05
2.14E-05
2.09E-05
2.04E-05
1.99E-05
1.95E-05
1.91E-05
1.88E-05
1.86E-05
1.83E-05
1.80E-05
1.77E-05
1.74E-05
1.71E-05
1.67E-05
1.61E-05
1.54E-05
1.46E-05
1.38E-05
1.29E-05
1.22E-05
1.15E-05
1.09E-05
1.04E-05
1.01E-05
9.92E-06
9.90E-06
9.97E-06
1.01E-05
1.02E-05
1.04E-05
1.05E-05
1.06E-05
1.06E-05
1.06E-05
1.04E-05
1.02E-05
9.89E-06
9.50E-06
9.04E-06
8.55E-06
8.08E-06
7.67E-06
7.36E-06
7.16E-06
7.06E-06
7.03E-06
7.05E-06
7.10E-06
7.19E-06
7.30E-06
7.42E-06
7.52E-06
7.58E-06
7.57E-06
7.47E-06
7.30E-06
7.10E-06
6.89E-06
6.67E-06
6.44E-06
6.22E-06
6.01E-06
5.81E-06
5.66E-06
5.56E-06
5.52E-06
5.53E-06
5.57E-06
5.63E-06
5.70E-06
5.77E-06
5.83E-06
5.89E-06
5.94E-06
5.96E-06
5.97E-06
0

