5.90786889342027E-06
6.03376771866112E-06
6.07506124164126E-06
6.09091722644078E-06
6.08116625352958E-06
6.05196251287143E-06
6.00108479456291E-06
5.93234260730881E-06
5.8577774627097E-06
5.79263708807797E-06
5.74955281469506E-06
5.74048442698975E-06
5.77999555125019E-06
5.88195758162101E-06
6.04777058494925E-06
6.26027581721693E-06
6.49247804662083E-06
6.72446094137047E-06
6.95430095655352E-06
7.19010126891667E-06
7.43016647554E-06
7.65605354781198E-06
7.83682390890312E-06
7.94058158383637E-06
7.9578701460407E-06
7.91363138799276E-06
7.84355968154589E-06
7.76875737597512E-06
7.69812264890656E-06
7.64179029056615E-06
7.61387019186407E-06
7.62704096870908E-06
7.69118487386154E-06
7.81602451612589E-06
8.01162746656881E-06
8.28516922637728E-06
8.63655400974793E-06
9.05240242804235E-06
9.50940207613828E-06
9.97864092447514E-06
1.04260772885443E-05
1.08159747503421E-05
1.11256143552923E-05
1.13466156924738E-05
1.14805952508297E-05
1.15449023012914E-05
1.15671374587702E-05
1.15683150730146E-05
1.15513290765754E-05
1.15122578720046E-05
1.14659695522421E-05
1.14540707288553E-05
1.15286701886051E-05
1.17305685229844E-05
1.20689841480119E-05
1.25219196075762E-05
1.30524932810761E-05
1.36293857756268E-05
1.42392926562095E-05
1.48872661636507E-05
1.55751512689971E-05
1.6277559376908E-05
1.69541246952099E-05
1.75810825635276E-05
1.81569411453728E-05
1.86979067159556E-05
1.92295068651172E-05
1.97674883000089E-05
2.03080019612777E-05
2.08342319567949E-05
2.13417169331283E-05
2.18541514071929E-05
2.23816035658678E-05
2.28787733271717E-05
2.32883734393813E-05
2.36388061721583E-05
2.40665663112354E-05
2.47435848706092E-05
2.57792249661846E-05
2.71667457304895E-05
2.87617432620929E-05
3.03436576585121E-05
3.17385951029257E-05
3.29165367655241E-05
3.39442174121889E-05
3.4886895545336E-05
3.57782853027402E-05
3.66119879046656E-05
3.73443223434956E-05
3.79707553538888E-05
3.8570214217311E-05
3.92740422928291E-05
4.02527737719141E-05
4.1706611311695E-05
4.37886614068653E-05
4.65388830414778E-05
4.9908720371184E-05
5.38261448350022E-05
5.82135620348015E-05
6.30198329820721E-05
6.83162508871191E-05
7.43008992095877E-05
8.11604399691488E-05
8.8973747745112E-05
9.76647169561655E-05
0.000107029765995
0.000116849265462
0.000127018308715
0.000137570616576
0.000148674202243
0.000160665708829
0.000173917563577
0.000188589171222
0.000204844307854
0.000223260383128
0.00024464701714
0.000269486336016
0.000297404516778
0.000327167041029
0.000357404818586
0.000387972054934
0.000421065261097
0.000460090450664
0.000506867913579
0.000560534128936
0.00061872084841
0.000678737373991
0.0007366791613
0.000788082303239
0.000832476154176
0.000873541603735
0.000914177847577
0.000956418979062
0.001007192851416
0.001078589268274
0.001180919345949
0.001318537231363
0.001490306128291
0.001694183409095
0.001932243053698
0.002209332797099
0.002526672673289
0.002878382360489
0.003254951640026
0.003656782296771
0.004099697833116
0.004598278444966
0.005158900832861
0.005819971212312
0.006700884249374
0.007975542534853
0.009823211950831
0.012482924400378
0.016309423822864
0.0217381670386
0.029472850133018
0.040833609859109
0.05702433440704
0.07686225364873
0.095160362115493
0.104550511383449
0.100582077747621
0.085362261145739
0.065418203091736
0.046832858104963
0.032557617828237
0.02270424616758
0.01621459585463
0.012005782276277
0.009312080005335
0.007609644214351
0.006514530801663
0.005778812372843
0.005278764080555
0.004931070766523
0.004631523774998
0.004268874223855
0.003799039619753
0.003277980833602
0.002791907184779
0.002385131081678
0.002061778465584
0.001811403863329
0.001617217748944
0.001458588833178
0.001319236527601
0.001190103899853
0.001067435480775
0.000949236946408
0.000834677809201
0.000726787026484
0.000629939770933
0.000546829662027
0.000478871193415
0.000426022906896
0.000386015102579
0.000354868500154
0.000328016546281
0.000301708289468
0.00027410217101
0.000245475917635
0.000217391624231
0.000191697857383
0.000170296227461
0.000154304720201
0.000143272906168
0.000135749015547
0.000130107089544
0.000124981033884
0.000119503232682
0.000113341079217
0.000106647230492
9.9824733513284E-05
9.31845268443935E-05
8.69476543024257E-05
8.11869783683879E-05
7.58325879869757E-05
7.08478801816137E-05
6.62606544909699E-05
6.20218479998873E-05
5.79811919464071E-05
5.40237261792154E-05
5.01759434460321E-05
4.6625614403241E-05
4.35909387648781E-05
4.11518475439437E-05
3.9268633154033E-05
3.78724934618731E-05
3.6894144425989E-05
3.62379615913626E-05
3.57514308017492E-05
3.52507691171842E-05
3.45856305445709E-05
3.3747516352281E-05
3.28486956788992E-05
3.19591417167185E-05
3.10285533195152E-05
2.99459865555807E-05
2.86698524021272E-05
2.72802423644628E-05
2.58978101369438E-05
2.46066971253357E-05
2.34610479788062E-05
2.24972553920363E-05
2.17357502031671E-05
2.11731620201745E-05
2.0758881024472E-05
2.03919433089604E-05
1.99708859794188E-05
1.94758699429957E-05
1.89594695176218E-05
1.84875206024298E-05
1.81156913612173E-05
1.7858000754199E-05
1.76597569545683E-05
1.74275796071901E-05
1.7094598080964E-05
1.66493482727844E-05
1.61222975566215E-05
1.55449064952398E-05
1.49288086125908E-05
1.42683062443126E-05
1.35611830860438E-05
1.2822902740928E-05
1.209361562621E-05
1.14282207273996E-05
1.08696288332236E-05
1.04428830535457E-05
1.01628713991945E-05
1.00297146616568E-05
1.00209693177159E-05
1.00964851166056E-05
1.02164827444081E-05
1.0356246929463E-05
1.04982907447607E-05
1.06194654463841E-05
1.06940998044558E-05
1.07005385303634E-05
1.06176938394E-05
1.04294235157686E-05
1.01343109548955E-05
9.75858494704613E-06
9.34656116303242E-06
8.929960206173E-06
8.51565509777376E-06
8.10675046056317E-06
7.72134531064914E-06
7.39101660442722E-06
7.14478980673765E-06
6.99697561576525E-06
6.94496681701311E-06
6.97591867063413E-06
7.07607931562119E-06
7.22529468646346E-06
7.38910113599287E-06
7.52560245222009E-06
7.60545122743876E-06
7.62291108541733E-06
7.58662483476208E-06
7.50517090223794E-06
7.38580290763671E-06
7.23198678175034E-06
7.04194773073422E-06
6.81965565997396E-06
6.57879121640943E-06
6.34037095892051E-06
6.12320901811858E-06
5.93699287360647E-06
5.78535847436967E-06
5.67321318877252E-06
5.60701290746281E-06
5.58817993847497E-06
5.60846717061542E-06
5.65301776432744E-06
5.70890176409014E-06
5.76654427846448E-06
5.81927694956806E-06
5.86507848193915E-06
5.90461388416099E-06
5.92884591665508E-06
0

