5.76E-06
5.86E-06
5.94E-06
6.01E-06
6.04E-06
6.03E-06
6.01E-06
5.98E-06
5.97E-06
5.97E-06
5.98E-06
5.99E-06
6.01E-06
6.06E-06
6.14E-06
6.28E-06
6.46E-06
6.67E-06
6.89E-06
7.11E-06
7.31E-06
7.47E-06
7.61E-06
7.72E-06
7.80E-06
7.86E-06
7.89E-06
7.89E-06
7.88E-06
7.88E-06
7.91E-06
8.00E-06
8.12E-06
8.30E-06
8.53E-06
8.83E-06
9.19E-06
9.59E-06
9.98E-06
1.03E-05
1.07E-05
1.10E-05
1.12E-05
1.13E-05
1.14E-05
1.15E-05
1.15E-05
1.15E-05
1.16E-05
1.16E-05
1.17E-05
1.18E-05
1.20E-05
1.23E-05
1.27E-05
1.31E-05
1.37E-05
1.43E-05
1.50E-05
1.57E-05
1.62E-05
1.67E-05
1.72E-05
1.77E-05
1.82E-05
1.87E-05
1.92E-05
1.97E-05
2.01E-05
2.05E-05
2.11E-05
2.19E-05
2.27E-05
2.35E-05
2.42E-05
2.49E-05
2.56E-05
2.66E-05
2.78E-05
2.92E-05
3.05E-05
3.18E-05
3.28E-05
3.37E-05
3.45E-05
3.51E-05
3.57E-05
3.63E-05
3.69E-05
3.77E-05
3.86E-05
3.97E-05
4.12E-05
4.31E-05
4.57E-05
4.89E-05
5.27E-05
5.67E-05
6.08E-05
6.48E-05
6.92E-05
7.44E-05
8.05E-05
8.79E-05
9.64E-05
0.000105818410388
0.000115966672682
0.000126647620583
0.000137698872597
0.000149077885087
0.000161176795165
0.000174642820264
0.000189921815563
0.000207097313887
0.00022612571414
0.000247287981884
0.000271311850227
0.000298699363089
0.000329232415471
0.000362686475182
0.000399989129943
0.000442829779522
0.000491821506027
0.000545609543417
0.000601545671626
0.000656687998811
0.000708404940758
0.000754901589399
0.000796171266678
0.000834349584933
0.000872595060721
0.000914237487559
0.000964668958478
0.001032005121181
0.001124092562792
0.001247136448719
0.001406831107244
0.001606283165522
0.001842977275326
0.002113493898116
0.002422874450972
0.002781186124784
0.003181433413192
0.00358849634573
0.003970731353323
0.004343375317874
0.00475960214448
0.005273557102412
0.005972553552412
0.007011536705455
0.008525336110555
0.010568048545468
0.013288591652903
0.017188867964656
0.023118359018474
0.031908454593285
0.043904082801915
0.058703922630167
0.074720539963097
0.088322546952193
0.094528904659872
0.090691879080032
0.078991945088189
0.063945806503961
0.049201002843648
0.036676088124146
0.026946122614441
0.019835208585353
0.014837589578082
0.011371235810658
0.008941449217663
0.007234051286148
0.006083588632713
0.005365829766592
0.004923445253987
0.004580137161442
0.00421242331961
0.00379066154219
0.003344465412606
0.002909967418254
0.002512330154756
0.002167892382739
0.001881338635311
0.001647231617892
0.001459099963352
0.001310407587858
0.001189732696018
0.001078717945981
0.000961732214424
0.000836836503589
0.000715161371184
0.00060946349278
0.000525207516436
0.000461177050063
0.000413236037869
0.000376180651126
0.00034462126116
0.000314557644917
0.000284298210619
0.000253908269738
0.000224897625208
0.00019941382492
0.000178937686322
0.000163413413425
0.000151738297205
0.000142669276285
0.000135246160399
0.000128782752379
0.000122701605302
0.000116455279032
0.000109771358173
0.000102806376147
9.58E-05
8.90E-05
8.26E-05
7.67E-05
7.14E-05
6.68E-05
6.27E-05
5.89E-05
5.53E-05
5.20E-05
4.90E-05
4.63E-05
4.38E-05
4.14E-05
3.94E-05
3.75E-05
3.60E-05
3.47E-05
3.37E-05
3.31E-05
3.27E-05
3.24E-05
3.21E-05
3.16E-05
3.07E-05
2.95E-05
2.83E-05
2.71E-05
2.59E-05
2.48E-05
2.36E-05
2.26E-05
2.17E-05
2.11E-05
2.06E-05
2.02E-05
1.97E-05
1.91E-05
1.86E-05
1.83E-05
1.80E-05
1.78E-05
1.76E-05
1.74E-05
1.71E-05
1.67E-05
1.62E-05
1.57E-05
1.51E-05
1.44E-05
1.36E-05
1.29E-05
1.22E-05
1.15E-05
1.09E-05
1.05E-05
1.02E-05
1.00E-05
9.95E-06
9.96E-06
1.00E-05
1.01E-05
1.02E-05
1.02E-05
1.03E-05
1.03E-05
1.02E-05
1.01E-05
9.91E-06
9.66E-06
9.35E-06
8.99E-06
8.61E-06
8.24E-06
7.91E-06
7.64E-06
7.44E-06
7.30E-06
7.22E-06
7.18E-06
7.18E-06
7.20E-06
7.25E-06
7.32E-06
7.37E-06
7.40E-06
7.37E-06
7.28E-06
7.16E-06
7.03E-06
6.89E-06
6.74E-06
6.56E-06
6.36E-06
6.17E-06
6.01E-06
5.88E-06
5.80E-06
5.75E-06
5.74E-06
5.75E-06
5.77E-06
5.79E-06
5.81E-06
5.81E-06
5.81E-06
5.79E-06
5.76E-06
0

