5.83E-06
5.88E-06
5.91E-06
5.93E-06
5.94E-06
5.92E-06
5.89E-06
5.87E-06
5.87E-06
5.89E-06
5.94E-06
6.00E-06
6.06E-06
6.12E-06
6.21E-06
6.33E-06
6.50E-06
6.71E-06
6.93E-06
7.13E-06
7.30E-06
7.44E-06
7.56E-06
7.66E-06
7.74E-06
7.80E-06
7.84E-06
7.84E-06
7.84E-06
7.87E-06
7.95E-06
8.09E-06
8.29E-06
8.51E-06
8.76E-06
9.03E-06
9.33E-06
9.65E-06
9.98E-06
1.03E-05
1.06E-05
1.08E-05
1.10E-05
1.11E-05
1.12E-05
1.13E-05
1.13E-05
1.14E-05
1.14E-05
1.15E-05
1.16E-05
1.18E-05
1.22E-05
1.25E-05
1.29E-05
1.33E-05
1.39E-05
1.45E-05
1.51E-05
1.57E-05
1.63E-05
1.68E-05
1.73E-05
1.77E-05
1.82E-05
1.87E-05
1.92E-05
1.97E-05
2.01E-05
2.06E-05
2.11E-05
2.18E-05
2.26E-05
2.33E-05
2.40E-05
2.47E-05
2.54E-05
2.63E-05
2.75E-05
2.88E-05
3.01E-05
3.13E-05
3.23E-05
3.30E-05
3.34E-05
3.39E-05
3.45E-05
3.52E-05
3.61E-05
3.70E-05
3.80E-05
3.91E-05
4.06E-05
4.27E-05
4.54E-05
4.87E-05
5.24E-05
5.62E-05
6.01E-05
6.43E-05
6.91E-05
7.47E-05
8.12E-05
8.86E-05
9.71E-05
0.000106531796257
0.00011665613705
0.000127145089886
0.00013778478764
0.000148765407337
0.000160655581967
0.000174115323967
0.000189561814646
0.000207034452761
0.000226361018571
0.000247628965753
0.000271422909554
0.000298240449997
0.00032798648861
0.000360743911556
0.00039772741217
0.000440522808199
0.000489346788268
0.000542553262598
0.000597543120687
0.000651571889539
0.000702010394
0.000747127310866
0.000787250376728
0.000824797799898
0.000862510697907
0.000903310196695
0.000953078194177
0.001020942851903
0.001115152975693
0.00124162591434
0.001405589741078
0.001609242999429
0.001848834054706
0.002120811303474
0.002430959391395
0.00278839871993
0.003183916957218
0.003582806187664
0.003957562990391
0.004327843290199
0.004745689617658
0.00526351996347
0.005972554045597
0.007028298090024
0.008555881915856
0.010601862493665
0.013321894299486
0.017232707567711
0.023189916261849
0.032012057931054
0.044020143711497
0.058800696808843
0.074778982949712
0.088350443750137
0.094548363749755
0.090702264122998
0.078965569217054
0.063875319048021
0.049108911180929
0.036588941536681
0.026878274742662
0.019790981667357
0.014814576181073
0.01136256252941
0.008939280755916
0.007231384980342
0.006074497288877
0.005346158996684
0.004894059140909
0.004547624667035
0.004184768257182
0.003771744489815
0.003334160713268
0.002906420151699
0.00251266709522
0.002169737633058
0.001884186945269
0.001651443767846
0.001463687142455
0.001313328849678
0.001190092708853
0.001077734433215
0.000961379109539
0.000838227577767
0.000718170730529
0.000613272434791
0.000528786457383
0.000463715268324
0.00041455633194
0.000376750872768
0.000345025286283
0.000315160479766
0.000285230170495
0.000255034949883
0.000225846378046
0.000199935675487
0.000179176211228
0.000163790532829
0.000152515700885
0.000143694054013
0.00013615881743
0.000129378182158
0.000123005410145
0.00011665486797
0.000110077698235
0.000103360157373
9.67E-05
9.03E-05
8.40E-05
7.80E-05
7.24E-05
6.75E-05
6.33E-05
5.94E-05
5.57E-05
5.22E-05
4.91E-05
4.63E-05
4.39E-05
4.18E-05
4.00E-05
3.85E-05
3.70E-05
3.57E-05
3.47E-05
3.38E-05
3.31E-05
3.25E-05
3.20E-05
3.15E-05
3.07E-05
2.96E-05
2.84E-05
2.71E-05
2.59E-05
2.48E-05
2.38E-05
2.29E-05
2.21E-05
2.14E-05
2.09E-05
2.05E-05
2.00E-05
1.95E-05
1.90E-05
1.85E-05
1.81E-05
1.78E-05
1.75E-05
1.72E-05
1.68E-05
1.65E-05
1.61E-05
1.57E-05
1.51E-05
1.45E-05
1.38E-05
1.31E-05
1.24E-05
1.17E-05
1.11E-05
1.06E-05
1.03E-05
1.01E-05
1.00E-05
1.00E-05
1.01E-05
1.01E-05
1.02E-05
1.02E-05
1.02E-05
1.02E-05
1.02E-05
1.01E-05
9.92E-06
9.69E-06
9.42E-06
9.11E-06
8.77E-06
8.43E-06
8.12E-06
7.87E-06
7.69E-06
7.57E-06
7.49E-06
7.46E-06
7.47E-06
7.49E-06
7.51E-06
7.51E-06
7.46E-06
7.38E-06
7.27E-06
7.17E-06
7.05E-06
6.93E-06
6.81E-06
6.68E-06
6.55E-06
6.41E-06
6.25E-06
6.10E-06
5.96E-06
5.87E-06
5.82E-06
5.81E-06
5.82E-06
5.82E-06
5.83E-06
5.83E-06
5.83E-06
5.81E-06
5.78E-06
5.74E-06
0

