5.74E-06
5.79E-06
5.84E-06
5.89E-06
5.95E-06
6.00E-06
6.05E-06
6.09E-06
6.11E-06
6.12E-06
6.11E-06
6.08E-06
6.08E-06
6.14E-06
6.25E-06
6.39E-06
6.55E-06
6.70E-06
6.85E-06
7.00E-06
7.15E-06
7.32E-06
7.48E-06
7.61E-06
7.68E-06
7.72E-06
7.75E-06
7.81E-06
7.90E-06
8.02E-06
8.14E-06
8.25E-06
8.37E-06
8.51E-06
8.71E-06
8.98E-06
9.31E-06
9.66E-06
9.98E-06
1.03E-05
1.05E-05
1.07E-05
1.09E-05
1.10E-05
1.10E-05
1.11E-05
1.12E-05
1.12E-05
1.12E-05
1.13E-05
1.15E-05
1.17E-05
1.20E-05
1.24E-05
1.28E-05
1.33E-05
1.39E-05
1.46E-05
1.53E-05
1.60E-05
1.65E-05
1.70E-05
1.74E-05
1.77E-05
1.81E-05
1.86E-05
1.90E-05
1.94E-05
1.97E-05
2.01E-05
2.07E-05
2.14E-05
2.22E-05
2.30E-05
2.38E-05
2.45E-05
2.54E-05
2.63E-05
2.75E-05
2.89E-05
3.02E-05
3.13E-05
3.22E-05
3.29E-05
3.34E-05
3.38E-05
3.44E-05
3.50E-05
3.57E-05
3.65E-05
3.74E-05
3.85E-05
4.01E-05
4.22E-05
4.49E-05
4.81E-05
5.17E-05
5.54E-05
5.91E-05
6.32E-05
6.80E-05
7.39E-05
8.08E-05
8.86E-05
9.73E-05
0.000106518810332
0.000116333056761
0.000126562281913
0.000137185927608
0.00014849559677
0.0001609121584
0.000174763796632
0.000190257171997
0.000207519477768
0.000226684165563
0.00024811329962
0.000272463108471
0.000300125652422
0.000330823559786
0.00036451225131
0.000402405659879
0.000446131043367
0.000495889767692
0.000549703686599
0.000604419424472
0.000657056151093
0.000705112185029
0.000747198719826
0.000784148204583
0.000819196154844
0.00085579145416
0.000897074925722
0.000948903470829
0.001020159839507
0.001118633024682
0.001249359563179
0.001416508161022
0.001621297231052
0.00185960887191
0.002128940744324
0.002436011000469
0.00278879253584
0.003176464910235
0.003565545147089
0.003932994042645
0.004302587329512
0.004724213772669
0.005246140695604
0.005960667946723
0.007023802106788
0.008554605903056
0.0105959106134
0.013309188502487
0.017221019780473
0.023190142380902
0.032024267671119
0.044026910228252
0.058782410088727
0.074741077005711
0.088333380650131
0.094595301540222
0.090799291083895
0.079050776888539
0.063914558553213
0.049112481945579
0.036579045946691
0.026867308990662
0.019783510982394
0.014812194887686
0.011365103243235
0.008944017737529
0.00723256877647
0.006065929281016
0.005324308828968
0.004861874256258
0.004514337965209
0.004159542642293
0.003757254635933
0.003328501240375
0.002907343480734
0.002518347714012
0.002178377799317
0.001893797409482
0.001659815269161
0.001468571571784
0.001313719736177
0.001187589742044
0.0010757984149
0.000962625911741
0.000842836204242
0.000724171558257
0.000618269221116
0.000531604965788
0.000464527788568
0.000414165548424
0.000376063140398
0.000344638610522
0.000315148954179
0.000285437677734
0.000255346586342
0.00022608735809
0.000199822270978
0.000178330953769
0.000161926180661
0.000149688691565
0.000140346742243
0.000132849254737
0.000126523811471
0.00012076003297
0.000114957722066
0.000108759807986
0.00010221023198
9.56E-05
8.92E-05
8.31E-05
7.74E-05
7.22E-05
6.78E-05
6.39E-05
6.02E-05
5.65E-05
5.30E-05
4.97E-05
4.68E-05
4.44E-05
4.22E-05
4.03E-05
3.87E-05
3.72E-05
3.59E-05
3.47E-05
3.37E-05
3.29E-05
3.23E-05
3.18E-05
3.14E-05
3.08E-05
2.99E-05
2.88E-05
2.75E-05
2.64E-05
2.52E-05
2.42E-05
2.32E-05
2.23E-05
2.16E-05
2.09E-05
2.04E-05
1.98E-05
1.93E-05
1.88E-05
1.84E-05
1.81E-05
1.78E-05
1.76E-05
1.72E-05
1.69E-05
1.65E-05
1.61E-05
1.57E-05
1.53E-05
1.47E-05
1.41E-05
1.34E-05
1.27E-05
1.21E-05
1.15E-05
1.10E-05
1.06E-05
1.03E-05
1.02E-05
1.01E-05
1.00E-05
1.00E-05
1.01E-05
1.01E-05
1.01E-05
1.01E-05
1.01E-05
9.92E-06
9.74E-06
9.54E-06
9.31E-06
9.06E-06
8.78E-06
8.50E-06
8.23E-06
8.00E-06
7.83E-06
7.72E-06
7.65E-06
7.60E-06
7.55E-06
7.51E-06
7.47E-06
7.42E-06
7.36E-06
7.29E-06
7.20E-06
7.08E-06
6.95E-06
6.83E-06
6.70E-06
6.59E-06
6.47E-06
6.36E-06
6.26E-06
6.17E-06
6.10E-06
6.06E-06
6.04E-06
6.04E-06
6.02E-06
5.98E-06
5.92E-06
5.86E-06
5.80E-06
5.76E-06
5.73E-06
5.71E-06
0

