5.70E-06
5.68E-06
5.65E-06
5.64E-06
5.64E-06
5.68E-06
5.73E-06
5.80E-06
5.89E-06
6.00E-06
6.11E-06
6.22E-06
6.34E-06
6.47E-06
6.62E-06
6.78E-06
6.92E-06
7.04E-06
7.12E-06
7.20E-06
7.28E-06
7.37E-06
7.48E-06
7.56E-06
7.62E-06
7.65E-06
7.67E-06
7.70E-06
7.77E-06
7.90E-06
8.08E-06
8.30E-06
8.53E-06
8.78E-06
9.05E-06
9.35E-06
9.65E-06
9.96E-06
1.02E-05
1.05E-05
1.07E-05
1.08E-05
1.09E-05
1.10E-05
1.10E-05
1.11E-05
1.11E-05
1.11E-05
1.12E-05
1.14E-05
1.16E-05
1.19E-05
1.23E-05
1.28E-05
1.33E-05
1.39E-05
1.45E-05
1.52E-05
1.57E-05
1.63E-05
1.67E-05
1.72E-05
1.76E-05
1.79E-05
1.83E-05
1.87E-05
1.90E-05
1.93E-05
1.97E-05
2.02E-05
2.10E-05
2.18E-05
2.26E-05
2.33E-05
2.40E-05
2.48E-05
2.57E-05
2.69E-05
2.83E-05
2.97E-05
3.09E-05
3.19E-05
3.26E-05
3.31E-05
3.37E-05
3.42E-05
3.48E-05
3.54E-05
3.61E-05
3.69E-05
3.79E-05
3.92E-05
4.11E-05
4.36E-05
4.65E-05
4.98E-05
5.33E-05
5.69E-05
6.08E-05
6.52E-05
7.02E-05
7.62E-05
8.30E-05
9.07E-05
9.93E-05
0.000108534679777
0.000118365560476
0.000128609816713
0.000139169284729
0.000150356070784
0.000162664082415
0.000176384037375
0.00019162301063
0.000208514732238
0.000227362446321
0.000248689369913
0.00027310420481
0.0003007953827
0.000331460274082
0.00036534845921
0.000403906928934
0.000448485386226
0.000498861755962
0.000552876697382
0.000607182412902
0.00065870886801
0.000705451378993
0.000746759417539
0.000783702104037
0.000819119787523
0.000855751088609
0.000896480320635
0.000947994751872
0.001020207996634
0.001121415553704
0.001256258200506
0.001427407897192
0.001633863264271
0.001870687152592
0.002137798155597
0.002444684969378
0.002798268672524
0.003184303106661
0.003568218301165
0.003929850469044
0.00429661377569
0.004717387774223
0.005238427517449
0.005954238098247
0.007021323582303
0.0085534674105
0.010589838571808
0.013294380360878
0.017197073326359
0.023154159728427
0.031963782008025
0.043920219458942
0.058616305199486
0.074543905606498
0.088188750463623
0.094589716385326
0.09092601079173
0.079217568648042
0.064047955694931
0.049197405192986
0.036631547212219
0.026904419659832
0.019815062328267
0.014841001005042
0.011389090597803
0.008959708790779
0.007236728165394
0.006056581570983
0.005301993875243
0.004832127348816
0.004486556051717
0.004140970281037
0.003748762622586
0.003327580007572
0.002911299154755
0.002524149538101
0.002183150474972
0.001896367816343
0.001660569776286
0.001467978265964
0.001311909703495
0.001185132847426
0.001074097340316
0.00096275978381
0.000844509360347
0.000725921045535
0.000618947906425
0.000531222724676
0.000463558621347
0.000412960557788
0.00037492140772
0.000343852136659
0.000314921583713
0.000285997950758
0.000256967708963
0.000228776439841
0.000203139603162
0.000181637339995
0.000164841370434
0.000152221861211
0.000142642766521
0.000134884454449
0.000128050568876
0.000121656447429
0.000115440512224
0.000109207433551
0.000102921688996
9.67E-05
9.05E-05
8.45E-05
7.86E-05
7.31E-05
6.80E-05
6.37E-05
6.00E-05
5.66E-05
5.33E-05
5.02E-05
4.72E-05
4.46E-05
4.23E-05
4.03E-05
3.86E-05
3.72E-05
3.59E-05
3.47E-05
3.37E-05
3.27E-05
3.20E-05
3.15E-05
3.10E-05
3.04E-05
2.96E-05
2.86E-05
2.75E-05
2.63E-05
2.53E-05
2.43E-05
2.34E-05
2.26E-05
2.19E-05
2.13E-05
2.09E-05
2.04E-05
1.99E-05
1.94E-05
1.88E-05
1.84E-05
1.80E-05
1.76E-05
1.71E-05
1.67E-05
1.63E-05
1.60E-05
1.56E-05
1.53E-05
1.48E-05
1.43E-05
1.37E-05
1.30E-05
1.24E-05
1.19E-05
1.14E-05
1.10E-05
1.06E-05
1.04E-05
1.03E-05
1.03E-05
1.03E-05
1.02E-05
1.01E-05
1.01E-05
9.96E-06
9.86E-06
9.75E-06
9.62E-06
9.49E-06
9.35E-06
9.19E-06
9.00E-06
8.77E-06
8.51E-06
8.26E-06
8.06E-06
7.91E-06
7.83E-06
7.77E-06
7.73E-06
7.66E-06
7.58E-06
7.50E-06
7.43E-06
7.36E-06
7.28E-06
7.18E-06
7.04E-06
6.88E-06
6.71E-06
6.55E-06
6.43E-06
6.35E-06
6.30E-06
6.25E-06
6.21E-06
6.15E-06
6.08E-06
6.02E-06
5.97E-06
5.95E-06
5.93E-06
5.91E-06
5.89E-06
5.86E-06
5.83E-06
5.79E-06
0

