5.59E-06
5.59E-06
5.58E-06
5.60E-06
5.65E-06
5.73E-06
5.80E-06
5.86E-06
5.92E-06
5.98E-06
6.07E-06
6.19E-06
6.32E-06
6.46E-06
6.58E-06
6.70E-06
6.81E-06
6.93E-06
7.04E-06
7.14E-06
7.23E-06
7.32E-06
7.40E-06
7.49E-06
7.57E-06
7.64E-06
7.71E-06
7.79E-06
7.90E-06
8.06E-06
8.25E-06
8.46E-06
8.70E-06
8.95E-06
9.20E-06
9.45E-06
9.69E-06
9.95E-06
1.02E-05
1.04E-05
1.06E-05
1.07E-05
1.07E-05
1.07E-05
1.08E-05
1.08E-05
1.09E-05
1.09E-05
1.10E-05
1.12E-05
1.15E-05
1.19E-05
1.23E-05
1.28E-05
1.34E-05
1.40E-05
1.46E-05
1.52E-05
1.58E-05
1.63E-05
1.67E-05
1.71E-05
1.75E-05
1.78E-05
1.81E-05
1.84E-05
1.88E-05
1.91E-05
1.97E-05
2.03E-05
2.11E-05
2.19E-05
2.26E-05
2.33E-05
2.39E-05
2.48E-05
2.58E-05
2.71E-05
2.84E-05
2.97E-05
3.07E-05
3.15E-05
3.21E-05
3.25E-05
3.30E-05
3.35E-05
3.41E-05
3.48E-05
3.55E-05
3.63E-05
3.72E-05
3.86E-05
4.05E-05
4.29E-05
4.58E-05
4.91E-05
5.25E-05
5.62E-05
6.01E-05
6.46E-05
6.97E-05
7.57E-05
8.27E-05
9.07E-05
9.96E-05
0.000109129303611
0.00011905005776
0.000129240697246
0.000139729710219
0.000150980096259
0.000163599164771
0.000177827938965
0.000193493327906
0.000210469649359
0.000229177560802
0.000250568197625
0.000275431671359
0.00030370864437
0.000334905510712
0.000369495513337
0.00040906535693
0.000454386780113
0.000504330968333
0.00055657764774
0.00060844264229
0.000657572060398
0.000702446756684
0.000742748576165
0.000779659460521
0.00081544756368
0.000852121988616
0.000892992999898
0.000945776013868
0.001020497085617
0.001124617286598
0.001262255505334
0.00143559757742
0.001642215476536
0.001876624331677
0.002140499576906
0.002445181718245
0.002796701242164
0.003178646564462
0.003556583685584
0.003913949352908
0.004281306804731
0.004705492692464
0.005229628697806
0.00594926048769
0.007020587894366
0.008552255336601
0.010581859078705
0.013280700682823
0.017188826995553
0.023165338124888
0.031997138792921
0.043959395998019
0.058640775009177
0.074552022616771
0.088204517496961
0.094639348986939
0.090995952071913
0.079260010448087
0.064039049348547
0.049152573833584
0.036579002446269
0.026862461327753
0.019789568144807
0.014830142981259
0.011387017404666
0.00895955401062
0.007232574578026
0.006044746632965
0.005281908032841
0.004808075106956
0.004465753265603
0.004127719336027
0.003741938927777
0.003324872063041
0.002911824301852
0.002527074350698
0.002186331510113
0.001897807949851
0.001660192649257
0.001467076179754
0.001311757823947
0.001186475147987
0.001077220888208
0.000967399820978
0.000849801986272
0.000730972299448
0.000623650530974
0.00053592221625
0.000468186383294
0.000417079891499
0.000378242152798
0.0003464894777
0.000317142711883
0.000287870690591
0.00025838591418
0.000229532023828
0.000203065246751
0.000180842201648
0.000163651032485
0.00015089332283
0.000141310700411
0.000133736538193
0.000127293424676
0.00012136498076
0.000115506892023
0.000109400710082
0.000103006680353
9.65E-05
9.02E-05
8.42E-05
7.86E-05
7.35E-05
6.88E-05
6.46E-05
6.09E-05
5.74E-05
5.40E-05
5.09E-05
4.79E-05
4.52E-05
4.27E-05
4.06E-05
3.89E-05
3.74E-05
3.61E-05
3.49E-05
3.39E-05
3.30E-05
3.23E-05
3.17E-05
3.12E-05
3.07E-05
3.00E-05
2.90E-05
2.78E-05
2.67E-05
2.56E-05
2.46E-05
2.36E-05
2.26E-05
2.18E-05
2.12E-05
2.07E-05
2.03E-05
1.98E-05
1.93E-05
1.88E-05
1.83E-05
1.79E-05
1.75E-05
1.72E-05
1.69E-05
1.65E-05
1.62E-05
1.58E-05
1.54E-05
1.49E-05
1.44E-05
1.39E-05
1.33E-05
1.27E-05
1.21E-05
1.15E-05
1.10E-05
1.06E-05
1.03E-05
1.01E-05
1.00E-05
9.94E-06
9.86E-06
9.81E-06
9.80E-06
9.82E-06
9.84E-06
9.82E-06
9.73E-06
9.59E-06
9.41E-06
9.22E-06
9.01E-06
8.80E-06
8.57E-06
8.35E-06
8.14E-06
7.98E-06
7.86E-06
7.78E-06
7.71E-06
7.65E-06
7.59E-06
7.50E-06
7.42E-06
7.34E-06
7.26E-06
7.17E-06
7.05E-06
6.92E-06
6.78E-06
6.67E-06
6.58E-06
6.51E-06
6.45E-06
6.39E-06
6.32E-06
6.25E-06
6.19E-06
6.13E-06
6.05E-06
5.96E-06
5.87E-06
5.79E-06
5.74E-06
5.71E-06
5.70E-06
5.67E-06
0

