5.63E-06
5.66E-06
5.71E-06
5.77E-06
5.85E-06
5.96E-06
6.07E-06
6.16E-06
6.24E-06
6.30E-06
6.37E-06
6.44E-06
6.52E-06
6.61E-06
6.70E-06
6.81E-06
6.92E-06
7.03E-06
7.14E-06
7.22E-06
7.28E-06
7.33E-06
7.38E-06
7.44E-06
7.49E-06
7.57E-06
7.67E-06
7.82E-06
8.00E-06
8.21E-06
8.44E-06
8.69E-06
8.93E-06
9.18E-06
9.40E-06
9.62E-06
9.84E-06
1.01E-05
1.03E-05
1.04E-05
1.06E-05
1.07E-05
1.07E-05
1.08E-05
1.08E-05
1.08E-05
1.09E-05
1.10E-05
1.12E-05
1.14E-05
1.17E-05
1.21E-05
1.26E-05
1.31E-05
1.37E-05
1.44E-05
1.50E-05
1.56E-05
1.60E-05
1.65E-05
1.69E-05
1.72E-05
1.77E-05
1.81E-05
1.85E-05
1.88E-05
1.90E-05
1.93E-05
1.98E-05
2.05E-05
2.13E-05
2.22E-05
2.29E-05
2.37E-05
2.45E-05
2.54E-05
2.65E-05
2.77E-05
2.89E-05
3.01E-05
3.11E-05
3.19E-05
3.26E-05
3.31E-05
3.36E-05
3.41E-05
3.46E-05
3.52E-05
3.59E-05
3.69E-05
3.82E-05
3.98E-05
4.18E-05
4.44E-05
4.75E-05
5.08E-05
5.43E-05
5.79E-05
6.17E-05
6.61E-05
7.13E-05
7.73E-05
8.42E-05
9.19E-05
0.0001004616246
0.000109735736622
0.000119472673909
0.000129429204551
0.00013966225595
0.000150650697329
0.000163066325484
0.000177289243826
0.000193217875672
0.000210674259146
0.000230002330153
0.000252092087582
0.000277559590886
0.000306124692835
0.000337290466451
0.000371719992445
0.000411125827623
0.000456313135025
0.000506168424703
0.000558452725499
0.000610506555945
0.000659743598625
0.00070428114572
0.000743567257548
0.000779068918211
0.000813606296537
0.000849617680016
0.000891028741028
0.000945775361273
0.001023221913359
0.00112970708138
0.001269223809359
0.001444308195289
0.001651840482799
0.001885703939468
0.002148630993719
0.002453750189374
0.002806304143406
0.003186463770582
0.003557966013928
0.00390692407007
0.004267588934549
0.0046874787169
0.005209808501959
0.005931285438124
0.007005908802455
0.008536979945419
0.010561173030346
0.013255449296841
0.017163747970069
0.023140746434061
0.031962288484239
0.043893883265155
0.058531249281961
0.07441923730379
0.088112910331729
0.094654010766674
0.091105264448829
0.079384069913188
0.064120912353738
0.049190200601535
0.036595898573577
0.026878288783479
0.019812474294741
0.014858212381357
0.011413065872813
0.008977231097931
0.007238272084816
0.006037425225705
0.005263996329334
0.004786119860076
0.004446824244811
0.004115199820783
0.003735778416101
0.003324957888468
0.002918119951593
0.002537483079619
0.002196792784864
0.001905797022756
0.001666250854786
0.001472335236956
0.001315780616493
0.001188122237832
0.00107683239327
0.000966851736161
0.000850621740998
0.000733394121763
0.000627068036969
0.000539367005755
0.000470753728812
0.000418340563687
0.00037837394078
0.000346262438814
0.000317449428397
0.000289050672352
0.000260271865012
0.000231771980315
0.000205262980039
0.000182691356613
0.000165031093138
0.00015178248133
0.000141795769406
0.000134052436564
0.000127655848221
0.00012174851848
0.00011574138636
0.000109460773872
0.000103087380534
9.69E-05
9.11E-05
8.55E-05
7.99E-05
7.45E-05
6.94E-05
6.49E-05
6.10E-05
5.75E-05
5.42E-05
5.10E-05
4.79E-05
4.51E-05
4.25E-05
4.03E-05
3.85E-05
3.69E-05
3.56E-05
3.44E-05
3.33E-05
3.24E-05
3.18E-05
3.14E-05
3.11E-05
3.07E-05
3.01E-05
2.91E-05
2.80E-05
2.67E-05
2.57E-05
2.47E-05
2.38E-05
2.30E-05
2.22E-05
2.14E-05
2.08E-05
2.03E-05
1.98E-05
1.93E-05
1.88E-05
1.83E-05
1.78E-05
1.74E-05
1.70E-05
1.67E-05
1.65E-05
1.62E-05
1.58E-05
1.54E-05
1.49E-05
1.44E-05
1.39E-05
1.33E-05
1.27E-05
1.22E-05
1.16E-05
1.11E-05
1.07E-05
1.03E-05
1.01E-05
9.95E-06
9.88E-06
9.82E-06
9.76E-06
9.71E-06
9.69E-06
9.71E-06
9.74E-06
9.74E-06
9.70E-06
9.58E-06
9.42E-06
9.22E-06
9.02E-06
8.80E-06
8.56E-06
8.30E-06
8.05E-06
7.84E-06
7.69E-06
7.57E-06
7.47E-06
7.38E-06
7.31E-06
7.25E-06
7.19E-06
7.14E-06
7.09E-06
7.03E-06
6.95E-06
6.85E-06
6.73E-06
6.60E-06
6.50E-06
6.43E-06
6.38E-06
6.34E-06
6.29E-06
6.22E-06
6.14E-06
6.06E-06
5.97E-06
5.89E-06
5.81E-06
5.74E-06
5.68E-06
5.62E-06
5.59E-06
0

