5.49E-06
5.51E-06
5.54E-06
5.57E-06
5.63E-06
5.74E-06
5.88E-06
6.03E-06
6.15E-06
6.24E-06
6.32E-06
6.41E-06
6.53E-06
6.68E-06
6.83E-06
6.95E-06
7.04E-06
7.11E-06
7.17E-06
7.22E-06
7.27E-06
7.33E-06
7.39E-06
7.45E-06
7.51E-06
7.59E-06
7.72E-06
7.88E-06
8.07E-06
8.27E-06
8.50E-06
8.75E-06
9.02E-06
9.31E-06
9.60E-06
9.86E-06
1.01E-05
1.03E-05
1.05E-05
1.06E-05
1.07E-05
1.07E-05
1.07E-05
1.07E-05
1.07E-05
1.07E-05
1.08E-05
1.09E-05
1.12E-05
1.15E-05
1.19E-05
1.24E-05
1.29E-05
1.34E-05
1.41E-05
1.47E-05
1.53E-05
1.58E-05
1.62E-05
1.65E-05
1.68E-05
1.71E-05
1.75E-05
1.79E-05
1.83E-05
1.87E-05
1.90E-05
1.93E-05
1.98E-05
2.04E-05
2.12E-05
2.20E-05
2.28E-05
2.36E-05
2.45E-05
2.54E-05
2.65E-05
2.76E-05
2.88E-05
2.99E-05
3.08E-05
3.15E-05
3.20E-05
3.25E-05
3.29E-05
3.35E-05
3.40E-05
3.46E-05
3.53E-05
3.61E-05
3.73E-05
3.90E-05
4.12E-05
4.40E-05
4.72E-05
5.05E-05
5.40E-05
5.74E-05
6.13E-05
6.58E-05
7.13E-05
7.76E-05
8.48E-05
9.27E-05
0.000101201861535
0.00011024672754
0.000119646520231
0.000129288998861
0.00013940559144
0.000150442734406
0.000162834198361
0.000176880021666
0.000192683591686
0.000210260456716
0.000229900770303
0.000252263348645
0.00027776274672
0.000306166958824
0.000337384076493
0.000372374054789
0.000412594027449
0.000458423775577
0.000508592454247
0.000560722912382
0.000611849961621
0.000659214089313
0.000701273968882
0.000738180778882
0.000771908504661
0.000805319002008
0.000841013496832
0.000883507219824
0.000940793173076
0.001021294122326
0.001130226517127
0.001271567473039
0.001448381672033
0.001657582322783
0.001892706546143
0.002156242759201
0.002461455553569
0.002813036165591
0.003189338419259
0.00355358083297
0.00389534325987
0.004252379129521
0.004671905218026
0.005196194901607
0.005921698690944
0.006998708398625
0.008525276188673
0.010539752191695
0.013229725775998
0.017149705928321
0.023156287837236
0.032014919965466
0.043973478951527
0.058620889575086
0.074508717805215
0.088201264772604
0.094739092296132
0.091166941215095
0.079391807564849
0.064070313476352
0.049107560094502
0.036513722987543
0.026815446551526
0.019772489576522
0.014836104228932
0.011401043327221
0.008968542458129
0.007228533367217
0.006023881673189
0.005245791150149
0.004765137443018
0.004425843853568
0.00409620749427
0.003720683788028
0.003316126284687
0.002916354820311
0.002540935443605
0.002202001033381
0.001910398906953
0.001669870817096
0.001474698893971
0.001316094485963
0.001186333050846
0.001074574060964
0.000966538359036
0.000853738410487
0.000739599160514
0.000634592340929
0.000546297325974
0.000476185157815
0.00042238582281
0.000381537096705
0.000349104585147
0.00032035618256
0.000292032706108
0.000263050446311
0.000233966745581
0.000206554966075
0.000182989299563
0.000164594990712
0.000151024544658
0.000140925581657
0.000132976547633
0.000126308301099
0.000120364656257
0.000114665447842
0.000108841357232
0.000102784850176
9.67E-05
9.08E-05
8.51E-05
7.96E-05
7.43E-05
6.96E-05
6.54E-05
6.18E-05
5.83E-05
5.48E-05
5.14E-05
4.83E-05
4.54E-05
4.29E-05
4.07E-05
3.88E-05
3.72E-05
3.58E-05
3.46E-05
3.36E-05
3.27E-05
3.20E-05
3.15E-05
3.11E-05
3.08E-05
3.02E-05
2.94E-05
2.84E-05
2.73E-05
2.61E-05
2.51E-05
2.40E-05
2.30E-05
2.20E-05
2.12E-05
2.05E-05
2.00E-05
1.95E-05
1.90E-05
1.84E-05
1.80E-05
1.76E-05
1.73E-05
1.70E-05
1.68E-05
1.66E-05
1.63E-05
1.61E-05
1.57E-05
1.53E-05
1.48E-05
1.43E-05
1.37E-05
1.31E-05
1.25E-05
1.19E-05
1.13E-05
1.08E-05
1.04E-05
1.01E-05
9.85E-06
9.74E-06
9.69E-06
9.68E-06
9.69E-06
9.72E-06
9.75E-06
9.76E-06
9.74E-06
9.68E-06
9.59E-06
9.48E-06
9.37E-06
9.23E-06
9.06E-06
8.83E-06
8.56E-06
8.30E-06
8.06E-06
7.87E-06
7.70E-06
7.55E-06
7.42E-06
7.34E-06
7.28E-06
7.24E-06
7.19E-06
7.11E-06
7.03E-06
6.95E-06
6.89E-06
6.83E-06
6.78E-06
6.72E-06
6.65E-06
6.57E-06
6.45E-06
6.31E-06
6.17E-06
6.05E-06
5.96E-06
5.87E-06
5.78E-06
5.69E-06
5.62E-06
5.56E-06
5.53E-06
5.52E-06
0

