5.64462969179838E-06
5.66372778276558E-06
5.67766859438131E-06
5.70440661943759E-06
5.75307267763428E-06
5.82827860972259E-06
5.93066606708317E-06
6.05349281815633E-06
6.18389827180232E-06
6.31098189871815E-06
6.42865591205529E-06
6.54094959959652E-06
6.65636029026575E-06
6.77359149689322E-06
6.88499421625569E-06
6.9870439324341E-06
7.07491547629576E-06
7.13897236606044E-06
7.17631539477936E-06
7.20156925172087E-06
7.2338155782947E-06
7.28182028400995E-06
7.33886304420583E-06
7.39542008471056E-06
7.45466453502175E-06
7.53268323523413E-06
7.64157808359279E-06
7.78111583010849E-06
7.94514076033724E-06
8.1286056246426E-06
8.33666911044756E-06
8.58906014081264E-06
8.89928496696401E-06
9.24907769128541E-06
9.59410543780999E-06
9.89747135662792E-06
1.01448004673102E-05
1.03302442621447E-05
1.04511356326745E-05
1.0513652253432E-05
1.05339750388703E-05
1.05298980120585E-05
1.0519062517159E-05
1.05243642218187E-05
1.05614355059041E-05
1.06222649624829E-05
1.06989389118884E-05
1.08199092337082E-05
1.10340293679902E-05
1.13645043862898E-05
1.17922829057152E-05
1.2281462252738E-05
1.28052885179392E-05
1.33413140085047E-05
1.38756138948447E-05
1.44153445186222E-05
1.4972285815527E-05
1.55337036777757E-05
1.60626773228419E-05
1.6521436860615E-05
1.69041264335547E-05
1.72392923620072E-05
1.756410160253E-05
1.79126568778664E-05
1.83087874656851E-05
1.87461787211234E-05
1.91922463816601E-05
1.9628456123822E-05
2.00908673898958E-05
2.06351414195589E-05
2.12483361994535E-05
2.18472395090661E-05
2.2395051367212E-05
2.29721134909279E-05
2.37127035147923E-05
2.47100074436493E-05
2.59692032062067E-05
2.73819077911184E-05
2.87700895304622E-05
2.99868320165122E-05
3.09926924357989E-05
3.18357332828954E-05
3.25663159289324E-05
3.32199301556947E-05
3.3816142717482E-05
3.43573002926131E-05
3.48630668733015E-05
3.53603973908393E-05
3.58936729354476E-05
3.65461653300425E-05
3.74609043770551E-05
3.88312912968717E-05
4.08210013997792E-05
4.34834873367354E-05
4.67495479292991E-05
5.04727403263664E-05
5.44509622629929E-05
5.85376795297574E-05
6.28204028582458E-05
6.75765269409907E-05
7.30891407327289E-05
7.95207845570968E-05
8.6830705798035E-05
9.47929990016766E-05
0.00010314971049
0.000111800112916
0.000120808710638
0.000130298476771
0.000140479665204
0.000151640311656
0.000163935295525
0.000177489186085
0.000192754555427
0.000210519847423
0.000231405196148
0.000255204392204
0.000280954598793
0.000307744316962
0.000335420687078
0.000364935618107
0.000398422115478
0.000438028091817
0.000483838370923
0.000533728911887
0.000585520671728
0.000637642574739
0.000687028578789
0.000730221052745
0.00076803753618
0.000804930252148
0.000843140482387
0.000882881108116
0.000929088155486
0.000992172612538
0.001081662751426
0.001202473427014
0.00135555022444
0.001539787515565
0.00175314928391
0.001995928538383
0.002272025039403
0.002581332792496
0.00291545573063
0.003268777062845
0.003648146473336
0.004062449681962
0.004509133959228
0.004997725183619
0.00560358726265
0.006462491896279
0.007707953639446
0.009486193655701
0.012058547920267
0.01582405061171
0.021249322419997
0.029061288924421
0.040583629843109
0.057019355003259
0.077217886481331
0.095956079916757
0.105660156757072
0.101726462139437
0.086282851225203
0.065961280438679
0.046985506708961
0.032398039794482
0.022370691588867
0.015866326592471
0.011729162253629
0.009096196814038
0.007419544009433
0.006335426841328
0.005607412292164
0.005109394784573
0.004760447450119
0.004469389513061
0.004141888858511
0.003729289198435
0.003264497189637
0.002818234843298
0.002432935791087
0.002113400477244
0.001852283051664
0.001642575869792
0.001472030736301
0.001325907394702
0.001195438904153
0.001075991555239
0.000963017451503
0.000853446232181
0.000747741912101
0.000650485122213
0.000566120332246
0.000495265174605
0.000436807306793
0.000390057224611
0.000353709701954
0.000324760700881
0.000299386087919
0.000274795467185
0.000249830443299
0.000224636372445
0.000200117807041
0.000177387709832
0.000157840933718
0.000142796664131
0.000132439469533
0.000125631952374
0.000120854121423
0.000116891742715
0.000112812448661
0.000107979069635
0.000102299525591
9.61736629663771E-05
9.00765343654373E-05
8.42868221006872E-05
7.89125551857402E-05
7.39177380785115E-05
6.92001103565377E-05
6.46979867722145E-05
6.04769217645186E-05
5.66040566193676E-05
5.30138391155117E-05
4.95971973628747E-05
4.63293774494192E-05
4.33067325177096E-05
4.06805400817063E-05
3.85317856557506E-05
3.68426816434591E-05
3.554814409845E-05
3.45726038373003E-05
3.38288276512666E-05
3.32448330799194E-05
3.2797360085416E-05
3.240748612409E-05
3.19236331047159E-05
3.12777973619865E-05
3.05283094764883E-05
2.97312963186192E-05
2.88625784780765E-05
2.78636164648183E-05
2.67286864613303E-05
2.5540472490022E-05
2.43887150380357E-05
2.32934493728084E-05
2.22581221403544E-05
2.13201254086842E-05
2.05294779876555E-05
1.99168239870544E-05
1.94623436171665E-05
1.9081229036877E-05
1.86706955677461E-05
1.82084742408856E-05
1.77557223772008E-05
1.73830976477397E-05
1.7121187201028E-05
1.69388149344642E-05
1.6767868562425E-05
1.65488880949143E-05
1.62497737212705E-05
1.58610380793447E-05
1.53974833110194E-05
1.48891179721704E-05
1.43515978603662E-05
1.37839115696039E-05
1.31872136117144E-05
1.2571143617476E-05
1.19564829089024E-05
1.13745550672417E-05
1.08507166822266E-05
1.03953650736467E-05
1.0016093468344E-05
9.73627562270124E-06
9.5765357937194E-06
9.52938260467219E-06
9.56287236234372E-06
9.64248402579772E-06
9.73868670820032E-06
9.83310385307355E-06
9.91903491880296E-06
9.98671532582286E-06
1.00133162677211E-05
9.97589999710956E-06
9.87126676516051E-06
9.70927884110061E-06
9.49728326630652E-06
9.23759251139694E-06
8.93604841616763E-06
8.60692217826866E-06
8.26932724742149E-06
7.94271650647192E-06
7.64754418375783E-06
7.40254388856895E-06
7.21466993280357E-06
7.07668507101979E-06
6.97939850953294E-06
6.9174419917417E-06
6.88663434743817E-06
6.87956733296175E-06
6.88455654805499E-06
6.89342003733005E-06
6.90410156053966E-06
6.91456518475489E-06
6.91161481849841E-06
6.8776048484071E-06
6.80760828399748E-06
6.70851930813962E-06
6.59019581543705E-06
6.45752409524195E-06
6.31339301072535E-06
6.16798763538569E-06
6.03285022823466E-06
5.90911499436458E-06
5.7959521141827E-06
5.70475535776394E-06
5.643251020538E-06
5.60115247252765E-06
5.57027992207892E-06
5.55141176082039E-06
5.53773742721912E-06
0

