5.42E-06
5.43E-06
5.49E-06
5.59E-06
5.70E-06
5.83E-06
5.97E-06
6.13E-06
6.30E-06
6.49E-06
6.72E-06
6.94E-06
7.13E-06
7.27E-06
7.36E-06
7.40E-06
7.42E-06
7.41E-06
7.40E-06
7.37E-06
7.33E-06
7.30E-06
7.29E-06
7.32E-06
7.41E-06
7.54E-06
7.71E-06
7.94E-06
8.20E-06
8.50E-06
8.82E-06
9.15E-06
9.48E-06
9.79E-06
1.01E-05
1.03E-05
1.05E-05
1.06E-05
1.07E-05
1.07E-05
1.07E-05
1.06E-05
1.06E-05
1.06E-05
1.06E-05
1.07E-05
1.09E-05
1.11E-05
1.15E-05
1.19E-05
1.23E-05
1.29E-05
1.35E-05
1.41E-05
1.48E-05
1.54E-05
1.59E-05
1.64E-05
1.67E-05
1.71E-05
1.74E-05
1.77E-05
1.80E-05
1.83E-05
1.85E-05
1.88E-05
1.92E-05
1.98E-05
2.05E-05
2.12E-05
2.19E-05
2.26E-05
2.33E-05
2.41E-05
2.52E-05
2.64E-05
2.77E-05
2.91E-05
3.02E-05
3.11E-05
3.18E-05
3.24E-05
3.28E-05
3.33E-05
3.37E-05
3.42E-05
3.47E-05
3.53E-05
3.60E-05
3.71E-05
3.87E-05
4.08E-05
4.35E-05
4.64E-05
4.93E-05
5.23E-05
5.55E-05
5.92E-05
6.37E-05
6.89E-05
7.48E-05
8.15E-05
8.89E-05
9.70E-05
0.000105523694471
0.00011434127114
0.000123275068014
0.000132627391103
0.000142861046666
0.000154266899358
0.000166998059429
0.000181168943241
0.00019693151342
0.000214687384312
0.000235114098595
0.000258637983749
0.000285042968437
0.000314200080964
0.000347099971039
0.000385316948063
0.000429141257047
0.000477025644149
0.000526547741806
0.000574999011109
0.000619949669623
0.000659960933406
0.000695057030887
0.000727116908387
0.000759070102137
0.0007929005812
0.000830951141926
0.000879272214271
0.000946262643161
0.001038471504904
0.001159625523756
0.001312528687441
0.00149742670801
0.001709235831982
0.001944318953157
0.002210407498827
0.002519564189681
0.002864670228905
0.00321072775119
0.003524889688599
0.003818984684007
0.0041443369675
0.004546802882176
0.005075501569412
0.005830833839742
0.006937221091849
0.008454747238973
0.010416438228827
0.013050334672095
0.01695175864602
0.022976084859607
0.031845464881967
0.043766333291733
0.058360777169268
0.074294493381926
0.088238945588549
0.095172186683447
0.091852516752886
0.079987058872607
0.064375481479658
0.049162949494761
0.036457044202105
0.026748015310388
0.019730232322333
0.014814804340844
0.011385548326685
0.008950600153175
0.007199589646123
0.005968074462072
0.005153012371302
0.004643567625199
0.004300926740194
0.003997923586725
0.003665170996668
0.003299315606418
0.002925331806148
0.002564519427362
0.002231891557293
0.001939962896392
0.00169450516992
0.001492426141165
0.00132713505798
0.001191818324927
0.00107830306942
0.000974574993681
0.000869083517732
0.000759186979616
0.000652350499481
0.000558711116452
0.000483323433202
0.000425278177213
0.000381111128154
0.000346883637038
0.00031839183909
0.000291932456696
0.000265505831626
0.000238744809604
0.000212386780435
0.000188040139276
0.000167520308135
0.000151753998388
0.000140185941352
0.000131531909448
0.00012469357553
0.000119028170101
0.000114104209693
0.00010939320519
0.000104383735333
9.89E-05
9.32E-05
8.75E-05
8.20E-05
7.68E-05
7.18E-05
6.71E-05
6.29E-05
5.92E-05
5.57E-05
5.25E-05
4.94E-05
4.65E-05
4.39E-05
4.15E-05
3.95E-05
3.76E-05
3.60E-05
3.46E-05
3.34E-05
3.24E-05
3.15E-05
3.10E-05
3.06E-05
3.04E-05
3.01E-05
2.98E-05
2.93E-05
2.85E-05
2.74E-05
2.62E-05
2.51E-05
2.40E-05
2.30E-05
2.20E-05
2.10E-05
2.02E-05
1.97E-05
1.92E-05
1.89E-05
1.84E-05
1.80E-05
1.76E-05
1.73E-05
1.70E-05
1.68E-05
1.66E-05
1.64E-05
1.62E-05
1.59E-05
1.56E-05
1.53E-05
1.48E-05
1.43E-05
1.36E-05
1.29E-05
1.22E-05
1.16E-05
1.10E-05
1.05E-05
1.00E-05
9.68E-06
9.46E-06
9.36E-06
9.36E-06
9.44E-06
9.56E-06
9.70E-06
9.83E-06
9.93E-06
9.97E-06
9.97E-06
9.92E-06
9.83E-06
9.67E-06
9.44E-06
9.15E-06
8.81E-06
8.44E-06
8.08E-06
7.76E-06
7.51E-06
7.31E-06
7.16E-06
7.04E-06
6.96E-06
6.92E-06
6.93E-06
6.99E-06
7.06E-06
7.11E-06
7.13E-06
7.11E-06
7.06E-06
6.99E-06
6.91E-06
6.81E-06
6.70E-06
6.56E-06
6.39E-06
6.22E-06
6.07E-06
5.95E-06
5.83E-06
5.70E-06
5.57E-06
5.47E-06
5.43E-06
0

