5.66E-06
5.59E-06
5.55E-06
5.55E-06
5.62E-06
5.75E-06
5.94E-06
6.15E-06
6.38E-06
6.62E-06
6.85E-06
7.08E-06
7.29E-06
7.47E-06
7.58E-06
7.63E-06
7.61E-06
7.55E-06
7.47E-06
7.38E-06
7.30E-06
7.25E-06
7.24E-06
7.27E-06
7.33E-06
7.42E-06
7.57E-06
7.77E-06
8.04E-06
8.36E-06
8.70E-06
9.06E-06
9.41E-06
9.76E-06
1.01E-05
1.04E-05
1.06E-05
1.08E-05
1.08E-05
1.08E-05
1.08E-05
1.07E-05
1.06E-05
1.05E-05
1.05E-05
1.05E-05
1.07E-05
1.09E-05
1.13E-05
1.17E-05
1.23E-05
1.29E-05
1.36E-05
1.44E-05
1.50E-05
1.56E-05
1.60E-05
1.65E-05
1.68E-05
1.72E-05
1.76E-05
1.79E-05
1.81E-05
1.83E-05
1.85E-05
1.88E-05
1.93E-05
1.98E-05
2.04E-05
2.09E-05
2.15E-05
2.21E-05
2.29E-05
2.39E-05
2.51E-05
2.65E-05
2.78E-05
2.90E-05
2.99E-05
3.06E-05
3.12E-05
3.16E-05
3.20E-05
3.24E-05
3.27E-05
3.31E-05
3.35E-05
3.41E-05
3.51E-05
3.63E-05
3.81E-05
4.02E-05
4.27E-05
4.55E-05
4.84E-05
5.15E-05
5.49E-05
5.88E-05
6.34E-05
6.86E-05
7.45E-05
8.12E-05
8.86E-05
9.66E-05
0.000105122107013
0.000113823207028
0.000122659838933
0.000132009714874
0.000142379521643
0.00015397340671
0.000166790376302
0.000180868537377
0.000196437677866
0.000214080016837
0.000234584412776
0.000258278090763
0.000284811220773
0.000314031520046
0.000346788136267
0.000384348366964
0.000427024066224
0.000473656006089
0.000522011809108
0.00056930557026
0.000613036281819
0.000651891512252
0.000686173808353
0.000717904783559
0.000749674589997
0.000783141337223
0.000821164865769
0.000870534659752
0.000939728251092
0.001034537976868
0.001157976983812
0.001312610918134
0.001498140198713
0.001709276808399
0.001943831600367
0.002211045763623
0.002521686633446
0.002865048092995
0.003204692936409
0.00351132527304
0.0038021692061
0.004129280077473
0.004535536675573
0.005070293265188
0.005835471599454
0.006950222391148
0.00846621695122
0.010418176820572
0.013047727137552
0.016963194881423
0.023020236590181
0.031928539872176
0.043882679867416
0.05850669390861
0.074467674351387
0.088421553223642
0.095320487147157
0.091919007734253
0.079953139464048
0.064264913209558
0.049022373352577
0.036323493902601
0.02663743206767
0.019644784438993
0.01475190532478
0.011342873238457
0.008925412353904
0.007185167675666
0.005954549532767
0.005133084359055
0.004617210894915
0.004275152586335
0.003979879878457
0.003655998974221
0.003295600067126
0.0029242407051
0.002564646367977
0.00223226504903
0.001940039672745
0.00169421008647
0.001491782430022
0.001325697546592
0.001189652994151
0.001076673729219
0.000975046408094
0.000872335685888
0.000764863303063
0.000659661609004
0.000566941608793
0.000491586554737
0.000432475927227
0.000386537649206
0.000350602837293
0.000321103724955
0.000294419261606
0.000268120634087
0.000241437814224
0.000214868366316
0.000189912250271
0.00016850424349
0.000151897672772
0.000139831286709
0.000131074152127
0.000124356140536
0.000118773677282
0.000113745271007
0.000108797138827
0.000103606018045
9.82E-05
9.27E-05
8.73E-05
8.22E-05
7.71E-05
7.22E-05
6.76E-05
6.34E-05
5.96E-05
5.63E-05
5.31E-05
4.99E-05
4.68E-05
4.39E-05
4.14E-05
3.92E-05
3.74E-05
3.60E-05
3.47E-05
3.37E-05
3.27E-05
3.19E-05
3.13E-05
3.08E-05
3.04E-05
3.00E-05
2.97E-05
2.93E-05
2.86E-05
2.77E-05
2.66E-05
2.55E-05
2.44E-05
2.33E-05
2.22E-05
2.12E-05
2.03E-05
1.95E-05
1.89E-05
1.85E-05
1.81E-05
1.78E-05
1.75E-05
1.73E-05
1.71E-05
1.70E-05
1.69E-05
1.68E-05
1.66E-05
1.64E-05
1.61E-05
1.56E-05
1.51E-05
1.45E-05
1.38E-05
1.31E-05
1.25E-05
1.18E-05
1.12E-05
1.06E-05
1.01E-05
9.68E-06
9.41E-06
9.28E-06
9.27E-06
9.33E-06
9.43E-06
9.55E-06
9.69E-06
9.82E-06
9.92E-06
9.97E-06
9.97E-06
9.90E-06
9.77E-06
9.55E-06
9.26E-06
8.91E-06
8.52E-06
8.12E-06
7.77E-06
7.48E-06
7.26E-06
7.10E-06
6.98E-06
6.90E-06
6.86E-06
6.85E-06
6.89E-06
6.96E-06
7.06E-06
7.14E-06
7.19E-06
7.18E-06
7.12E-06
7.01E-06
6.88E-06
6.75E-06
6.61E-06
6.47E-06
6.30E-06
6.11E-06
5.91E-06
5.73E-06
5.59E-06
5.49E-06
5.45E-06
5.44E-06
0

