5.64635954949915E-06
5.60672160874507E-06
5.59781002046418E-06
5.62055753958995E-06
5.68649295879367E-06
5.79726362250936E-06
5.94826628567771E-06
6.13222533989774E-06
6.34483500539997E-06
6.57903069811429E-06
6.82328704490183E-06
7.06574091561047E-06
7.29556295415448E-06
7.49671982718728E-06
7.64299342041823E-06
7.70680346017033E-06
7.68309631378819E-06
7.59257848396459E-06
7.45865563414176E-06
7.29883585246734E-06
7.13450483177104E-06
6.99346889953663E-06
6.9025992851009E-06
6.88026458310565E-06
6.93132892612955E-06
7.05248857274417E-06
7.24386044684633E-06
7.50850562795956E-06
7.8430159362366E-06
8.23852486209212E-06
8.68098513992755E-06
9.14774717985838E-06
9.61142807644294E-06
1.00430582656517E-05
1.04155826379533E-05
1.07053659297573E-05
1.08893359568952E-05
1.09546693507882E-05
1.09210279176394E-05
1.08365734715083E-05
1.07443460055977E-05
1.06628452620427E-05
1.05936969477547E-05
1.05398990836305E-05
1.0520743494175E-05
1.05720401208459E-05
1.07280559669398E-05
1.10073487870479E-05
1.14136972008038E-05
1.19329936629208E-05
1.25272718075726E-05
1.31493612550258E-05
1.37664974174193E-05
1.4367775141341E-05
1.49575093415707E-05
1.55302815540413E-05
1.6057998671091E-05
1.65185172356448E-05
1.6909853887564E-05
1.72439860117969E-05
1.75383171740343E-05
1.78014603359051E-05
1.80437477637359E-05
1.82875145857998E-05
1.85620095973445E-05
1.89106604610454E-05
1.9372261856593E-05
1.99262705704454E-05
2.04847875903589E-05
2.09738636723397E-05
2.14183634298257E-05
2.19400883532033E-05
2.26836649528053E-05
2.37301593877244E-05
2.50450274781237E-05
2.64948084889123E-05
2.79182308730323E-05
2.91900107458074E-05
3.02732113691613E-05
3.1194111830312E-05
3.19725955309391E-05
3.26293287502019E-05
3.31760276482778E-05
3.36090051473608E-05
3.39408349200671E-05
3.41982908379777E-05
3.44546913451196E-05
3.48434561716051E-05
3.55170226768439E-05
3.66264405430388E-05
3.82796020159782E-05
4.04912158288307E-05
4.31815006952332E-05
4.62092875393756E-05
4.94277497650942E-05
5.27759590808701E-05
5.63339824520408E-05
6.02823382877279E-05
6.48489358615858E-05
7.02505083364685E-05
7.65616857884706E-05
8.35866158678972E-05
9.09899973052566E-05
9.8554693201585E-05
0.000106251934165
0.000114188084359
0.00012252746037
0.000131516512837
0.000141450393531
0.000152527437751
0.000165004394206
0.000179361813007
0.000196129241903
0.000215662180287
0.000237745335628
0.000261540942494
0.000286267000345
0.00031188312656
0.000339461978145
0.000371121577082
0.000408745484756
0.000452129466956
0.000499059698875
0.000547504146293
0.000596169933722
0.000642419637916
0.00068322530272
0.000719071217572
0.000753357377698
0.000788037651838
0.000823415379519
0.000863348302044
0.000917091857228
0.000993314006984
0.001095460545239
0.001224622907398
0.001382249185143
0.001568252103624
0.001781463962556
0.002024446504484
0.002301188690754
0.002605846299108
0.002924092952401
0.003250947151234
0.003597319828205
0.003973946924596
0.004382598340469
0.004849370773938
0.005454727944342
0.006306374809152
0.007514688902226
0.009243135104277
0.011795015190469
0.015585959824669
0.021066069365434
0.028947811550287
0.04056888600601
0.057174143309539
0.077633262349928
0.096644038856872
0.106464754444503
0.102413313502506
0.086694796837326
0.066078075998008
0.046897369687207
0.03221153716241
0.022155141791707
0.015664019290314
0.011565029093094
0.00896687635879
0.007305364315042
0.006222759037814
0.005487418382232
0.004971725464122
0.004606215902141
0.004321770562519
0.004036858511937
0.003686971374373
0.003269883498426
0.002842279484872
0.002459217071234
0.002136295083516
0.001867026427692
0.001646754598825
0.001469433110426
0.001322972390534
0.001195926298674
0.001080980732944
0.000973255135493
0.000869082292752
0.000767349361812
0.000670956119297
0.000584615569015
0.000511138574251
0.000450010451059
0.000399781678362
0.00035951743924
0.000327800237568
0.000301869371409
0.000278554257309
0.0002556701584
0.000232335295412
0.000208757832403
0.000185800828531
0.000164515837189
0.000146208011904
0.000132087119481
0.000122409111632
0.000116270404279
0.000112240700092
0.000108967265854
0.000105475652468
0.000101300989445
9.643366131206E-05
9.11975850266458E-05
8.59901113229412E-05
8.09889142770901E-05
7.62320933325065E-05
7.17477748838417E-05
6.74859002519437E-05
6.33195563024771E-05
5.92313922101885E-05
5.53305088543333E-05
5.17016079669113E-05
4.83204418353384E-05
4.51327262643897E-05
4.21579250643374E-05
3.95107421855199E-05
3.73080058068445E-05
3.56004269365682E-05
3.43551507031696E-05
3.34735843730975E-05
3.2839741886744E-05
3.23391273401078E-05
3.19035606772605E-05
3.15302722136279E-05
3.11742701323959E-05
3.07500000649065E-05
3.02418476214364E-05
2.9681172547358E-05
2.90438671096579E-05
2.8252569204162E-05
2.72604022002174E-05
2.61008353506566E-05
2.48720229014358E-05
2.36692226431936E-05
2.25400644627959E-05
2.14932921430472E-05
2.05347883233775E-05
1.97066282637236E-05
1.90676417743169E-05
1.86235352523659E-05
1.83046277332431E-05
1.80002517503636E-05
1.76402547904472E-05
1.72491905467681E-05
1.69078302981953E-05
1.66799204356116E-05
1.65706639032442E-05
1.65247840497698E-05
1.64585237751643E-05
1.63092215845316E-05
1.60486432571515E-05
1.56773379853944E-05
1.52075212280426E-05
1.46562429711899E-05
1.40488570599574E-05
1.34045799399396E-05
1.27298456751497E-05
1.20340821496302E-05
1.13394940366342E-05
1.068112733887E-05
1.01030033910381E-05
9.65005871754161E-06
9.35042241491199E-06
9.20659217481084E-06
9.19275834079502E-06
9.26060532178886E-06
9.36706205313367E-06
9.49507133974785E-06
9.64583044082939E-06
9.82053193615387E-06
9.9987396405687E-06
1.01332286393858E-05
1.01776106684724E-05
1.01091837724121E-05
9.92938153710007E-06
9.65982204566107E-06
9.33368989962267E-06
8.97751115547042E-06
8.60568321433411E-06
8.22819531988056E-06
7.84932527915853E-06
7.47699202097404E-06
7.13788237548606E-06
6.86716674414031E-06
6.68693233981129E-06
6.59260797593172E-06
6.56029676027783E-06
6.56741827117382E-06
6.60498574699229E-06
6.67333169133158E-06
6.77316690405284E-06
6.89533970749658E-06
7.01483997203395E-06
7.09841259400308E-06
7.11836335283668E-06
7.0687015874187E-06
6.96947483823991E-06
6.8485476989179E-06
6.72017595749169E-06
6.58591652595166E-06
6.44354343157704E-06
6.28802147360214E-06
6.12272382880387E-06
5.96491466132349E-06
5.82975250822854E-06
5.71958176714687E-06
5.63903713125528E-06
5.5797405478514E-06
0

