5.64E-06
5.70E-06
5.75E-06
5.80E-06
5.84E-06
5.90E-06
6.01E-06
6.17E-06
6.36E-06
6.55E-06
6.73E-06
6.90E-06
7.05E-06
7.20E-06
7.33E-06
7.42E-06
7.46E-06
7.45E-06
7.41E-06
7.34E-06
7.26E-06
7.20E-06
7.20E-06
7.25E-06
7.33E-06
7.45E-06
7.62E-06
7.87E-06
8.19E-06
8.57E-06
8.99E-06
9.40E-06
9.78E-06
1.01E-05
1.04E-05
1.07E-05
1.09E-05
1.10E-05
1.10E-05
1.09E-05
1.09E-05
1.08E-05
1.07E-05
1.06E-05
1.06E-05
1.07E-05
1.09E-05
1.11E-05
1.15E-05
1.19E-05
1.25E-05
1.32E-05
1.40E-05
1.47E-05
1.53E-05
1.58E-05
1.62E-05
1.66E-05
1.70E-05
1.74E-05
1.77E-05
1.80E-05
1.82E-05
1.83E-05
1.84E-05
1.87E-05
1.92E-05
1.98E-05
2.04E-05
2.10E-05
2.17E-05
2.24E-05
2.32E-05
2.43E-05
2.55E-05
2.69E-05
2.81E-05
2.92E-05
3.00E-05
3.07E-05
3.12E-05
3.16E-05
3.21E-05
3.25E-05
3.30E-05
3.34E-05
3.39E-05
3.46E-05
3.55E-05
3.67E-05
3.84E-05
4.05E-05
4.30E-05
4.56E-05
4.85E-05
5.16E-05
5.51E-05
5.93E-05
6.41E-05
6.96E-05
7.58E-05
8.27E-05
9.03E-05
9.83E-05
0.000106629771929
0.000114913006008
0.000123301141802
0.000132345752431
0.000142673923256
0.000154475758336
0.000167468562299
0.000181473629664
0.000196953500737
0.000214885394333
0.000236009764478
0.000260242166789
0.000287023018259
0.000316562821743
0.000350240793329
0.000389245024652
0.000433380683374
0.000480811438407
0.000528723504306
0.000574344704761
0.000615458822839
0.000651406643634
0.000683485905568
0.000714054840727
0.000744960652127
0.000777515414595
0.000815433747029
0.000866417187363
0.000939014483586
0.001038299742463
0.001166844514158
0.001326198991052
0.001513494327048
0.001723016075697
0.00195603960245
0.002223769825997
0.002533188080142
0.002868555764955
0.003193315101414
0.003484435485788
0.003766770531318
0.004092115887954
0.00449745207503
0.00503176716623
0.005802337811008
0.006924501608374
0.00843658108352
0.010370678846611
0.012982371440686
0.016896399847785
0.022970375503059
0.031899863022264
0.043869310636452
0.058517777272824
0.074538045848591
0.088587765688357
0.095570488251708
0.092169867126721
0.080107909471434
0.064295247676762
0.048968312358878
0.036237094980136
0.026549831917189
0.019566181495995
0.014683308257121
0.011288234152736
0.008889230507982
0.007163161849293
0.005936659346865
0.005111282296546
0.004589951808866
0.004247843654909
0.00395898251475
0.003643362110497
0.003288992076232
0.002922330498922
0.00256673274384
0.00223554911485
0.001940990114471
0.001691725352245
0.001488250476485
0.001323873762484
0.001189767340751
0.001077710782549
0.00097743740596
0.000877826095131
0.000774004101247
0.000670463458215
0.000576442083119
0.000498171286467
0.000436443053001
0.000388872580344
0.000351936745439
0.000321717684698
0.000294561152233
0.000268237732752
0.000242184285098
0.000216618242308
0.000192410074162
0.000171043905255
0.000153669838239
0.000140445525575
0.000130736872283
0.000123656410165
0.000118313080244
0.000113861322116
0.000109625021488
0.000105158093126
0.000100252864196
9.50E-05
8.98E-05
8.47E-05
7.97E-05
7.47E-05
6.97E-05
6.51E-05
6.09E-05
5.72E-05
5.37E-05
5.04E-05
4.73E-05
4.44E-05
4.19E-05
3.97E-05
3.79E-05
3.64E-05
3.51E-05
3.41E-05
3.32E-05
3.24E-05
3.17E-05
3.12E-05
3.08E-05
3.05E-05
3.02E-05
2.98E-05
2.92E-05
2.83E-05
2.72E-05
2.59E-05
2.46E-05
2.35E-05
2.23E-05
2.12E-05
2.02E-05
1.93E-05
1.87E-05
1.82E-05
1.78E-05
1.75E-05
1.73E-05
1.71E-05
1.70E-05
1.70E-05
1.70E-05
1.70E-05
1.69E-05
1.67E-05
1.64E-05
1.60E-05
1.55E-05
1.49E-05
1.42E-05
1.35E-05
1.27E-05
1.20E-05
1.12E-05
1.06E-05
1.00E-05
9.58E-06
9.30E-06
9.18E-06
9.22E-06
9.36E-06
9.54E-06
9.71E-06
9.87E-06
1.00E-05
1.01E-05
1.02E-05
1.02E-05
1.01E-05
9.93E-06
9.65E-06
9.32E-06
8.96E-06
8.58E-06
8.19E-06
7.79E-06
7.41E-06
7.10E-06
6.86E-06
6.71E-06
6.64E-06
6.64E-06
6.70E-06
6.79E-06
6.89E-06
6.99E-06
7.08E-06
7.17E-06
7.24E-06
7.25E-06
7.20E-06
7.08E-06
6.92E-06
6.75E-06
6.57E-06
6.38E-06
6.18E-06
5.98E-06
5.81E-06
5.68E-06
5.59E-06
5.54E-06
5.53E-06
0

