5.97E-06
5.93E-06
5.89E-06
5.85E-06
5.86E-06
5.91E-06
6.03E-06
6.19E-06
6.40E-06
6.60E-06
6.79E-06
6.94E-06
7.06E-06
7.18E-06
7.29E-06
7.38E-06
7.42E-06
7.41E-06
7.35E-06
7.27E-06
7.21E-06
7.20E-06
7.25E-06
7.33E-06
7.45E-06
7.61E-06
7.82E-06
8.10E-06
8.45E-06
8.83E-06
9.22E-06
9.59E-06
9.94E-06
1.02E-05
1.05E-05
1.06E-05
1.07E-05
1.08E-05
1.08E-05
1.08E-05
1.08E-05
1.07E-05
1.07E-05
1.06E-05
1.07E-05
1.08E-05
1.10E-05
1.13E-05
1.18E-05
1.23E-05
1.30E-05
1.37E-05
1.44E-05
1.50E-05
1.56E-05
1.60E-05
1.64E-05
1.68E-05
1.71E-05
1.74E-05
1.77E-05
1.79E-05
1.80E-05
1.82E-05
1.85E-05
1.90E-05
1.96E-05
2.02E-05
2.08E-05
2.14E-05
2.20E-05
2.27E-05
2.37E-05
2.49E-05
2.62E-05
2.76E-05
2.88E-05
2.97E-05
3.04E-05
3.09E-05
3.14E-05
3.18E-05
3.22E-05
3.26E-05
3.29E-05
3.33E-05
3.39E-05
3.48E-05
3.60E-05
3.75E-05
3.95E-05
4.19E-05
4.46E-05
4.73E-05
5.01E-05
5.30E-05
5.64E-05
6.04E-05
6.51E-05
7.06E-05
7.68E-05
8.37E-05
9.12E-05
9.91E-05
0.000107173693277
0.000115271433054
0.00012361746238
0.000132717424423
0.000143059279392
0.000154850264897
0.000167910694444
0.000181992623809
0.000197426510729
0.000215263318878
0.000236393629726
0.000260635311252
0.000287312863053
0.000316879879168
0.000351019523184
0.000390904929901
0.00043598922779
0.000483929824076
0.00053160056445
0.000576267306281
0.000615916190349
0.00065016059444
0.000680849966646
0.00071086668414
0.00074216368446
0.000776077727262
0.000816404274121
0.00087043423879
0.000945337661277
0.001045360942643
0.001173947118785
0.001333561596197
0.001521063227197
0.001730495850949
0.001964277801036
0.0022344087068
0.002545676940007
0.002879473023481
0.003198998520715
0.00348387750697
0.00376212727818
0.004085460177119
0.00448775797506
0.005016125679433
0.005778934779398
0.006891227060068
0.00838949429159
0.010307931802557
0.012907263283823
0.01681659807678
0.022894307974475
0.03183341110395
0.04381716400255
0.0584894249343
0.074552874676573
0.088667447929136
0.095711750746354
0.092327865027019
0.080227914011539
0.06435893727908
0.048990414294479
0.036234790903851
0.0265308497186
0.019534837906678
0.014646424315183
0.01125582756746
0.008867908936248
0.007150912048721
0.005927299759597
0.005100002782798
0.00457527278268
0.004231811790904
0.003945643377977
0.003635885999301
0.003287551344721
0.00292594914535
0.002574720483682
0.002246272318528
0.001952143917006
0.00170189289422
0.001496864410332
0.001330042128842
0.001192383373067
0.001077135556613
0.00097589470333
0.000877596348166
0.000775736025296
0.000673121662931
0.000578708216017
0.000499555003361
0.000436872348433
0.000388307293924
0.000350839700876
0.000321123530631
0.000295229995051
0.000270072214511
0.00024465211991
0.00021927459334
0.000194866621308
0.000172965044418
0.000154985486155
0.000141307738267
0.000131195911729
0.000123555700793
0.00011751784016
0.000112448521115
0.000107823197986
0.000103266530428
9.86E-05
9.37E-05
8.87E-05
8.37E-05
7.88E-05
7.38E-05
6.90E-05
6.45E-05
6.05E-05
5.70E-05
5.39E-05
5.09E-05
4.79E-05
4.51E-05
4.25E-05
4.02E-05
3.83E-05
3.67E-05
3.55E-05
3.44E-05
3.33E-05
3.23E-05
3.14E-05
3.06E-05
3.01E-05
2.97E-05
2.95E-05
2.93E-05
2.89E-05
2.82E-05
2.72E-05
2.61E-05
2.49E-05
2.38E-05
2.28E-05
2.19E-05
2.10E-05
2.02E-05
1.95E-05
1.89E-05
1.84E-05
1.80E-05
1.77E-05
1.74E-05
1.72E-05
1.71E-05
1.70E-05
1.68E-05
1.66E-05
1.64E-05
1.61E-05
1.57E-05
1.53E-05
1.48E-05
1.42E-05
1.35E-05
1.28E-05
1.21E-05
1.15E-05
1.10E-05
1.05E-05
1.01E-05
9.77E-06
9.57E-06
9.51E-06
9.58E-06
9.70E-06
9.83E-06
9.94E-06
1.00E-05
1.01E-05
1.01E-05
1.01E-05
1.00E-05
9.81E-06
9.56E-06
9.27E-06
8.98E-06
8.67E-06
8.33E-06
7.99E-06
7.66E-06
7.39E-06
7.18E-06
7.04E-06
6.96E-06
6.93E-06
6.94E-06
6.99E-06
7.05E-06
7.11E-06
7.16E-06
7.19E-06
7.21E-06
7.19E-06
7.13E-06
7.03E-06
6.88E-06
6.70E-06
6.50E-06
6.29E-06
6.08E-06
5.90E-06
5.76E-06
5.68E-06
5.64E-06
5.65E-06
5.68E-06
0

