5.86E-06
5.91E-06
5.93E-06
5.95E-06
6.00E-06
6.09E-06
6.23E-06
6.41E-06
6.62E-06
6.82E-06
6.99E-06
7.13E-06
7.23E-06
7.31E-06
7.38E-06
7.42E-06
7.43E-06
7.41E-06
7.39E-06
7.36E-06
7.34E-06
7.35E-06
7.39E-06
7.48E-06
7.60E-06
7.78E-06
8.00E-06
8.29E-06
8.61E-06
8.95E-06
9.30E-06
9.61E-06
9.89E-06
1.01E-05
1.03E-05
1.04E-05
1.05E-05
1.05E-05
1.05E-05
1.04E-05
1.04E-05
1.05E-05
1.05E-05
1.06E-05
1.08E-05
1.11E-05
1.14E-05
1.18E-05
1.23E-05
1.29E-05
1.36E-05
1.42E-05
1.48E-05
1.53E-05
1.57E-05
1.60E-05
1.63E-05
1.66E-05
1.69E-05
1.71E-05
1.73E-05
1.76E-05
1.78E-05
1.80E-05
1.85E-05
1.90E-05
1.98E-05
2.06E-05
2.13E-05
2.20E-05
2.27E-05
2.35E-05
2.45E-05
2.56E-05
2.69E-05
2.81E-05
2.92E-05
3.00E-05
3.07E-05
3.11E-05
3.14E-05
3.18E-05
3.23E-05
3.27E-05
3.32E-05
3.37E-05
3.43E-05
3.51E-05
3.62E-05
3.79E-05
4.00E-05
4.25E-05
4.52E-05
4.80E-05
5.08E-05
5.38E-05
5.74E-05
6.15E-05
6.63E-05
7.17E-05
7.78E-05
8.46E-05
9.19E-05
9.96E-05
0.000107399710439
0.000115313702865
0.000123683383612
0.00013296875595
0.000143372153485
0.000154981732548
0.000167892473654
0.0001822519785
0.000198496937264
0.000217349453609
0.000239186223476
0.000263589932541
0.000290179379844
0.000319883323401
0.000354506504466
0.000394820291383
0.000439829555476
0.000487363007871
0.000534717863283
0.00057929295037
0.000619129997025
0.000653647768384
0.000684236856914
0.000713471968798
0.000743328637333
0.000775717388036
0.000815517224749
0.000870592348668
0.000947422613535
0.001049406690327
0.001179957151614
0.001341759737451
0.001531469421337
0.001742530791037
0.001977098016265
0.002246931271594
0.002555423675833
0.002882708388003
0.003192551163206
0.003467575224284
0.003739576252717
0.004060933464804
0.004463145131449
0.004990833452143
0.005751562089258
0.006859018818472
0.008347477075904
0.010252027459501
0.01283673387117
0.01673336432587
0.022799749320611
0.031727838502164
0.043706410910357
0.058393532784777
0.074510823223813
0.088724978993082
0.095882270388892
0.092559925129764
0.080438424921279
0.064501075583681
0.049065631839659
0.036261851953441
0.026526469116865
0.01951296868551
0.014619570624912
0.011235163872199
0.008858712005665
0.007149212162935
0.005925090598908
0.005091069248344
0.004557690458836
0.004208801781545
0.003923379685237
0.003618653131537
0.003275300142101
0.002917791525933
0.002571175344614
0.002246623772066
0.001953493082613
0.001701762898426
0.00149458792704
0.001326210026958
0.001188239511205
0.001074054287172
0.000974757344248
0.00087841291235
0.000777918870138
0.000675862872158
0.000581184219182
0.000501166746144
0.00043734085162
0.000387727709067
0.00034965881608
0.000319964070052
0.000294632211631
0.000270297119339
0.000245669877301
0.000220902658178
0.000196820286712
0.000174877301938
0.000156640323457
0.000142730829261
0.000132445911945
0.000124626136824
0.000118377197711
0.000113139490163
0.000108471802845
0.0001038821613
9.90E-05
9.38E-05
8.85E-05
8.34E-05
7.86E-05
7.38E-05
6.92E-05
6.49E-05
6.10E-05
5.74E-05
5.43E-05
5.12E-05
4.83E-05
4.55E-05
4.30E-05
4.09E-05
3.90E-05
3.73E-05
3.58E-05
3.43E-05
3.31E-05
3.19E-05
3.10E-05
3.03E-05
2.98E-05
2.94E-05
2.92E-05
2.89E-05
2.85E-05
2.78E-05
2.69E-05
2.58E-05
2.47E-05
2.37E-05
2.29E-05
2.20E-05
2.12E-05
2.04E-05
1.97E-05
1.92E-05
1.88E-05
1.84E-05
1.80E-05
1.76E-05
1.72E-05
1.69E-05
1.66E-05
1.64E-05
1.61E-05
1.58E-05
1.55E-05
1.52E-05
1.49E-05
1.45E-05
1.40E-05
1.35E-05
1.29E-05
1.23E-05
1.17E-05
1.12E-05
1.08E-05
1.05E-05
1.01E-05
9.90E-06
9.74E-06
9.66E-06
9.64E-06
9.67E-06
9.71E-06
9.75E-06
9.78E-06
9.76E-06
9.70E-06
9.59E-06
9.45E-06
9.31E-06
9.16E-06
8.98E-06
8.74E-06
8.45E-06
8.12E-06
7.81E-06
7.55E-06
7.36E-06
7.25E-06
7.19E-06
7.16E-06
7.13E-06
7.12E-06
7.12E-06
7.14E-06
7.18E-06
7.20E-06
7.19E-06
7.12E-06
7.00E-06
6.86E-06
6.71E-06
6.55E-06
6.40E-06
6.26E-06
6.11E-06
5.98E-06
5.87E-06
5.78E-06
5.73E-06
5.71E-06
5.73E-06
0

