5.88E-06
5.90E-06
5.92E-06
5.94E-06
5.96E-06
6.01E-06
6.10E-06
6.23E-06
6.40E-06
6.57E-06
6.72E-06
6.86E-06
6.99E-06
7.13E-06
7.26E-06
7.37E-06
7.44E-06
7.47E-06
7.46E-06
7.45E-06
7.43E-06
7.45E-06
7.49E-06
7.56E-06
7.67E-06
7.83E-06
8.03E-06
8.27E-06
8.53E-06
8.80E-06
9.09E-06
9.38E-06
9.64E-06
9.85E-06
1.00E-05
1.01E-05
1.02E-05
1.03E-05
1.03E-05
1.03E-05
1.03E-05
1.04E-05
1.04E-05
1.06E-05
1.09E-05
1.12E-05
1.15E-05
1.19E-05
1.24E-05
1.30E-05
1.36E-05
1.42E-05
1.47E-05
1.51E-05
1.55E-05
1.58E-05
1.61E-05
1.64E-05
1.66E-05
1.69E-05
1.71E-05
1.73E-05
1.75E-05
1.78E-05
1.83E-05
1.89E-05
1.96E-05
2.03E-05
2.10E-05
2.17E-05
2.24E-05
2.33E-05
2.43E-05
2.55E-05
2.67E-05
2.78E-05
2.87E-05
2.94E-05
3.00E-05
3.03E-05
3.07E-05
3.10E-05
3.14E-05
3.18E-05
3.23E-05
3.28E-05
3.35E-05
3.44E-05
3.57E-05
3.75E-05
3.97E-05
4.22E-05
4.48E-05
4.75E-05
5.02E-05
5.33E-05
5.68E-05
6.10E-05
6.59E-05
7.13E-05
7.75E-05
8.42E-05
9.15E-05
9.90E-05
0.000106766747073
0.000114587013257
0.000122879999714
0.000132154225892
0.000142694673245
0.000154564158508
0.000167726299514
0.000182204855872
0.000198386047134
0.000217049802161
0.000238727835437
0.000263249822548
0.000290412867663
0.000320946396806
0.000356178988069
0.00039650611061
0.000440829959662
0.000487155628666
0.000532925269057
0.000575592883036
0.000613568100009
0.000646868949911
0.00067726375831
0.000707252688282
0.000738192255502
0.000771317141931
0.000811669043108
0.000867600439394
0.000945520804661
0.001048497196523
0.001179439914139
0.00134072196889
0.001529495085879
0.001739784658247
0.001973884790554
0.002243509045775
0.002551692599097
0.002877839574228
0.003185673175274
0.003459397992614
0.003731985712289
0.004054112004035
0.004455360448699
0.004982125999602
0.00574454498395
0.006853949188973
0.008340589994176
0.010241564114456
0.012828627727901
0.016741761684862
0.022839408685114
0.031805611639182
0.04382577470823
0.058565266078065
0.07473999493527
0.088978468168364
0.096081466713461
0.092636035765235
0.080384927240533
0.064364816887959
0.04890385432583
0.036108047747064
0.026391507243049
0.019398923439729
0.014527312586057
0.011167716065923
0.008816413748299
0.00712554652246
0.005910311028669
0.005076548643627
0.004538541379705
0.004185835728368
0.003902052052882
0.003603942543324
0.003268130950634
0.002916882190425
0.002575054380396
0.002253341738512
0.001960691791052
0.001707939317711
0.001499088518519
0.00132891691861
0.001189933379093
0.001075636545813
0.000976544086252
0.000880595499984
0.000780994532712
0.000680158413379
0.000586153859342
0.000505844317763
0.000441319508707
0.000391176515592
0.000352731248921
0.000322687269494
0.000297142623792
0.000272792583862
0.000248129951681
0.000223052227248
0.000198360573263
0.000175620403622
0.000156599165129
0.000142214034204
0.000131905197418
0.000124346458785
0.000118349480138
0.000113172616743
0.000108411160888
0.00010374452988
9.89E-05
9.39E-05
8.89E-05
8.40E-05
7.91E-05
7.43E-05
6.96E-05
6.53E-05
6.13E-05
5.80E-05
5.50E-05
5.22E-05
4.92E-05
4.62E-05
4.35E-05
4.12E-05
3.92E-05
3.75E-05
3.61E-05
3.47E-05
3.35E-05
3.24E-05
3.15E-05
3.07E-05
3.01E-05
2.97E-05
2.94E-05
2.90E-05
2.86E-05
2.80E-05
2.71E-05
2.61E-05
2.50E-05
2.40E-05
2.31E-05
2.22E-05
2.13E-05
2.05E-05
1.98E-05
1.93E-05
1.89E-05
1.85E-05
1.81E-05
1.78E-05
1.74E-05
1.71E-05
1.68E-05
1.66E-05
1.63E-05
1.61E-05
1.58E-05
1.56E-05
1.52E-05
1.48E-05
1.44E-05
1.39E-05
1.33E-05
1.28E-05
1.22E-05
1.16E-05
1.11E-05
1.06E-05
1.02E-05
9.87E-06
9.70E-06
9.63E-06
9.65E-06
9.69E-06
9.70E-06
9.69E-06
9.66E-06
9.63E-06
9.59E-06
9.53E-06
9.45E-06
9.33E-06
9.16E-06
8.95E-06
8.72E-06
8.47E-06
8.21E-06
7.96E-06
7.73E-06
7.54E-06
7.41E-06
7.34E-06
7.30E-06
7.28E-06
7.25E-06
7.23E-06
7.21E-06
7.20E-06
7.17E-06
7.14E-06
7.08E-06
7.00E-06
6.88E-06
6.75E-06
6.62E-06
6.48E-06
6.35E-06
6.22E-06
6.10E-06
6.01E-06
5.95E-06
5.91E-06
5.90E-06
5.92E-06
0

