6.07E-06
6.13E-06
6.18E-06
6.22E-06
6.27E-06
6.32E-06
6.38E-06
6.43E-06
6.49E-06
6.56E-06
6.64E-06
6.73E-06
6.84E-06
6.97E-06
7.09E-06
7.21E-06
7.31E-06
7.40E-06
7.48E-06
7.57E-06
7.65E-06
7.74E-06
7.82E-06
7.91E-06
8.02E-06
8.16E-06
8.34E-06
8.54E-06
8.76E-06
9.00E-06
9.24E-06
9.48E-06
9.71E-06
9.90E-06
1.00E-05
1.02E-05
1.03E-05
1.04E-05
1.05E-05
1.06E-05
1.07E-05
1.08E-05
1.10E-05
1.12E-05
1.14E-05
1.17E-05
1.20E-05
1.24E-05
1.29E-05
1.34E-05
1.39E-05
1.44E-05
1.48E-05
1.51E-05
1.55E-05
1.58E-05
1.62E-05
1.65E-05
1.68E-05
1.71E-05
1.74E-05
1.77E-05
1.80E-05
1.85E-05
1.91E-05
1.98E-05
2.05E-05
2.11E-05
2.16E-05
2.22E-05
2.29E-05
2.39E-05
2.50E-05
2.62E-05
2.74E-05
2.83E-05
2.90E-05
2.96E-05
3.01E-05
3.05E-05
3.10E-05
3.14E-05
3.18E-05
3.22E-05
3.26E-05
3.31E-05
3.39E-05
3.51E-05
3.67E-05
3.88E-05
4.11E-05
4.36E-05
4.61E-05
4.86E-05
5.12E-05
5.43E-05
5.80E-05
6.22E-05
6.71E-05
7.26E-05
7.87E-05
8.54E-05
9.26E-05
0.000100084623054
0.00010760725409
0.000115266670965
0.000123562884288
0.000132997955836
0.000143687627953
0.000155527131903
0.000168525851492
0.000182918436594
0.000199287242081
0.000218373042015
0.000240429448582
0.000265076273887
0.000292219192884
0.00032280444128
0.000358116729107
0.000398358435386
0.000442292588982
0.000487888742957
0.000532787770227
0.000574707759686
0.000612002963087
0.000644403308646
0.00067359233567
0.000702378528773
0.000732511861937
0.000765583237205
0.000806744361375
0.000864002693068
0.000943616764438
0.001048714629358
0.001181762029118
0.001344539766697
0.001534076905566
0.001744371107824
0.001977614351694
0.002245661409882
0.002551681610876
0.002874740903453
0.003179152942716
0.003451190584164
0.003724426531601
0.004046965961791
0.004446342068536
0.004970046295705
0.005729374040793
0.006834072376102
0.008312780643501
0.010203439926249
0.012779458164496
0.016682521063402
0.022771734509786
0.031732391246198
0.043756633680076
0.058521133169344
0.074750850917843
0.089066998350465
0.096235903436401
0.092803877602841
0.080508969131584
0.064426224366112
0.048918384780346
0.036095377887377
0.026363864514991
0.019365624366905
0.014496506741796
0.011146021796934
0.00880555571797
0.007120914722296
0.005905215287331
0.005066497413649
0.004523192422035
0.004168708853983
0.003887691042232
0.003594276840092
0.003262411698717
0.002914624688411
0.002576468748368
0.002257595394383
0.001965675965186
0.00171211052077
0.001502098182028
0.001331242967987
0.001192350284282
0.001078150303835
0.000979141699872
0.0008840284093
0.000785536873968
0.000684880922649
0.000589952217582
0.000508680929145
0.000443881874142
0.000393659242265
0.000354707796993
0.000323883641369
0.00029787779105
0.000273610883551
0.000249321736503
0.000224656076663
0.000200238153815
0.000177460724258
0.000157966041859
0.000142708680029
0.000131382170569
0.000123032252721
0.000116699784879
0.00011153988752
0.000106961223685
0.000102627922008
9.83E-05
9.37E-05
8.90E-05
8.44E-05
7.98E-05
7.53E-05
7.08E-05
6.64E-05
6.22E-05
5.85E-05
5.53E-05
5.24E-05
4.95E-05
4.67E-05
4.39E-05
4.14E-05
3.92E-05
3.73E-05
3.57E-05
3.43E-05
3.31E-05
3.21E-05
3.11E-05
3.03E-05
2.96E-05
2.92E-05
2.89E-05
2.87E-05
2.86E-05
2.82E-05
2.76E-05
2.66E-05
2.56E-05
2.45E-05
2.34E-05
2.25E-05
2.17E-05
2.09E-05
2.01E-05
1.94E-05
1.87E-05
1.82E-05
1.77E-05
1.73E-05
1.70E-05
1.66E-05
1.64E-05
1.62E-05
1.60E-05
1.58E-05
1.56E-05
1.54E-05
1.52E-05
1.49E-05
1.46E-05
1.42E-05
1.37E-05
1.32E-05
1.26E-05
1.20E-05
1.14E-05
1.09E-05
1.04E-05
1.00E-05
9.73E-06
9.59E-06
9.55E-06
9.55E-06
9.54E-06
9.51E-06
9.50E-06
9.53E-06
9.58E-06
9.63E-06
9.62E-06
9.56E-06
9.45E-06
9.31E-06
9.15E-06
8.96E-06
8.73E-06
8.47E-06
8.18E-06
7.90E-06
7.65E-06
7.45E-06
7.30E-06
7.19E-06
7.12E-06
7.06E-06
7.01E-06
6.96E-06
6.91E-06
6.87E-06
6.84E-06
6.81E-06
6.76E-06
6.69E-06
6.59E-06
6.46E-06
6.31E-06
6.18E-06
6.09E-06
6.04E-06
6.00E-06
5.95E-06
5.90E-06
5.85E-06
0

