6.01E-06
6.06E-06
6.10E-06
6.14E-06
6.20E-06
6.28E-06
6.36E-06
6.45E-06
6.54E-06
6.66E-06
6.79E-06
6.92E-06
7.02E-06
7.11E-06
7.20E-06
7.29E-06
7.36E-06
7.43E-06
7.51E-06
7.59E-06
7.68E-06
7.76E-06
7.83E-06
7.89E-06
7.98E-06
8.10E-06
8.26E-06
8.44E-06
8.65E-06
8.87E-06
9.10E-06
9.33E-06
9.56E-06
9.77E-06
9.95E-06
1.01E-05
1.02E-05
1.03E-05
1.04E-05
1.05E-05
1.06E-05
1.07E-05
1.09E-05
1.11E-05
1.13E-05
1.16E-05
1.18E-05
1.22E-05
1.26E-05
1.31E-05
1.36E-05
1.41E-05
1.44E-05
1.47E-05
1.50E-05
1.53E-05
1.57E-05
1.61E-05
1.65E-05
1.69E-05
1.72E-05
1.75E-05
1.79E-05
1.84E-05
1.91E-05
1.98E-05
2.04E-05
2.10E-05
2.15E-05
2.20E-05
2.26E-05
2.34E-05
2.44E-05
2.54E-05
2.64E-05
2.73E-05
2.81E-05
2.86E-05
2.90E-05
2.94E-05
2.99E-05
3.05E-05
3.11E-05
3.16E-05
3.22E-05
3.28E-05
3.36E-05
3.47E-05
3.63E-05
3.82E-05
4.05E-05
4.28E-05
4.52E-05
4.75E-05
5.00E-05
5.29E-05
5.65E-05
6.07E-05
6.56E-05
7.11E-05
7.73E-05
8.41E-05
9.13E-05
9.87E-05
0.000106227630354
0.00011403567237
0.000122625101904
0.000132365756463
0.000143257328127
0.000155053290515
0.0001677344222
0.000181869705883
0.000198411321276
0.000218033273962
0.00024067411437
0.000265757146088
0.000293166197667
0.000323799935441
0.000358740194154
0.000398201927133
0.000441195078029
0.000485736096224
0.000529444067298
0.000570174482171
0.000606601910986
0.000638792919875
0.00066864408293
0.000698761350827
0.000730497744601
0.000765658308812
0.000809497075744
0.00086913180336
0.00094992163621
0.001055159740275
0.001188106933964
0.001350895114865
0.00154022632256
0.001749938054016
0.001982232137191
0.002248828896318
0.002552563596692
0.00287139936793
0.003169844988009
0.003437469534831
0.003709974578058
0.004032955022268
0.004431759402472
0.004955897579358
0.005717048518679
0.006819563253059
0.00828818110809
0.010165034865572
0.012732115353461
0.016637722033964
0.022741133769436
0.031724682860229
0.043784991538055
0.05861019026687
0.074923088167737
0.089309899297742
0.096484576512741
0.092980026519672
0.080575889691272
0.06440086545947
0.048842141966318
0.036000244761723
0.026266909615615
0.019277026181693
0.014423646127445
0.01109451509005
0.008775021618184
0.007103636933361
0.005891346372554
0.005048940684052
0.004499785287139
0.004142561061707
0.003864287032227
0.003576793052124
0.003250734993028
0.002907498104885
0.002572234389215
0.002254442063715
0.001962238308138
0.001708311502025
0.001498681483762
0.001328493036812
0.001189655294974
0.001074632664041
0.000975382822702
0.000882132437094
0.000787061826166
0.000689533897156
0.000596180836766
0.000514976549799
0.000449225924903
0.00039746405673
0.000356910298118
0.000324855467879
0.000298139820699
0.000273575724195
0.000249276130771
0.00022481324104
0.000200568880464
0.000177705836101
0.000157814275027
0.000141931320252
0.000129998803625
0.000121264548021
0.000114854098768
0.000109965841874
0.000105905499037
0.00010214030237
9.83E-05
9.42E-05
8.98E-05
8.53E-05
8.08E-05
7.62E-05
7.16E-05
6.72E-05
6.30E-05
5.92E-05
5.58E-05
5.26E-05
4.94E-05
4.64E-05
4.36E-05
4.11E-05
3.90E-05
3.72E-05
3.56E-05
3.43E-05
3.31E-05
3.20E-05
3.11E-05
3.03E-05
2.98E-05
2.95E-05
2.92E-05
2.90E-05
2.88E-05
2.84E-05
2.79E-05
2.70E-05
2.60E-05
2.49E-05
2.38E-05
2.26E-05
2.15E-05
2.04E-05
1.95E-05
1.87E-05
1.81E-05
1.76E-05
1.73E-05
1.69E-05
1.66E-05
1.64E-05
1.63E-05
1.63E-05
1.63E-05
1.62E-05
1.60E-05
1.59E-05
1.56E-05
1.54E-05
1.50E-05
1.45E-05
1.40E-05
1.34E-05
1.27E-05
1.21E-05
1.14E-05
1.09E-05
1.03E-05
9.89E-06
9.56E-06
9.36E-06
9.29E-06
9.31E-06
9.38E-06
9.45E-06
9.51E-06
9.55E-06
9.60E-06
9.65E-06
9.67E-06
9.64E-06
9.53E-06
9.36E-06
9.12E-06
8.82E-06
8.49E-06
8.14E-06
7.82E-06
7.53E-06
7.30E-06
7.12E-06
6.99E-06
6.90E-06
6.85E-06
6.84E-06
6.86E-06
6.90E-06
6.96E-06
7.04E-06
7.10E-06
7.12E-06
7.08E-06
6.99E-06
6.86E-06
6.71E-06
6.55E-06
6.40E-06
6.25E-06
6.10E-06
5.97E-06
5.85E-06
5.76E-06
5.70E-06
0

