6.03E-06
6.13E-06
6.19E-06
6.25E-06
6.32E-06
6.41E-06
6.51E-06
6.61E-06
6.70E-06
6.80E-06
6.90E-06
7.01E-06
7.13E-06
7.24E-06
7.33E-06
7.39E-06
7.43E-06
7.48E-06
7.56E-06
7.66E-06
7.76E-06
7.85E-06
7.94E-06
8.06E-06
8.21E-06
8.38E-06
8.55E-06
8.72E-06
8.89E-06
9.07E-06
9.25E-06
9.45E-06
9.66E-06
9.84E-06
1.00E-05
1.01E-05
1.02E-05
1.02E-05
1.03E-05
1.03E-05
1.04E-05
1.05E-05
1.08E-05
1.11E-05
1.14E-05
1.18E-05
1.22E-05
1.26E-05
1.31E-05
1.37E-05
1.42E-05
1.46E-05
1.50E-05
1.53E-05
1.55E-05
1.57E-05
1.60E-05
1.63E-05
1.66E-05
1.70E-05
1.72E-05
1.75E-05
1.79E-05
1.85E-05
1.92E-05
1.99E-05
2.05E-05
2.11E-05
2.16E-05
2.22E-05
2.30E-05
2.39E-05
2.49E-05
2.61E-05
2.71E-05
2.80E-05
2.87E-05
2.93E-05
2.97E-05
3.00E-05
3.04E-05
3.08E-05
3.14E-05
3.19E-05
3.25E-05
3.33E-05
3.42E-05
3.56E-05
3.72E-05
3.93E-05
4.15E-05
4.39E-05
4.63E-05
4.87E-05
5.14E-05
5.46E-05
5.83E-05
6.26E-05
6.75E-05
7.32E-05
7.94E-05
8.61E-05
9.32E-05
0.000100481464048
0.000107865352446
0.000115631550204
0.00012420067302
0.000133885233375
0.000144811918886
0.000156857612295
0.000169851442809
0.000184126322068
0.000200598942997
0.000220021145726
0.000242303792807
0.00026693096426
0.000294176207227
0.000325297761004
0.00036130382539
0.000402042070791
0.000446053866513
0.000491065007813
0.000534711714231
0.000574888936181
0.000610467386266
0.000641803183743
0.0006708269621
0.000699829601452
0.000730121960418
0.00076431698221
0.000808464945888
0.000869588587354
0.000952287327814
0.001059249910838
0.001193723435862
0.001357789442686
0.001547618634259
0.001756812497594
0.001987558933518
0.002251335568193
0.002550518528795
0.002862374777897
0.00315250663352
0.003414208474496
0.00368524220597
0.004008732114417
0.004407533251468
0.004932321605711
0.005694184877951
0.006791904921849
0.008247398543005
0.010107870624
0.012662992380424
0.016564368394505
0.022668990396234
0.031658000702118
0.043735015194544
0.05860021078497
0.07498345658816
0.089455071058515
0.09668404722087
0.093165994276532
0.08069223748802
0.064440701989964
0.048833349708574
0.035969265510862
0.026226788706179
0.019233805752605
0.014381426753222
0.011057836596218
0.008746462318241
0.007081687314104
0.005872461622425
0.005030598706858
0.004482218658724
0.004128112470191
0.003854747704787
0.003571703980723
0.003248647176308
0.00290740663392
0.002573305798269
0.002256341926159
0.001965190340941
0.001712358844187
0.001503191043021
0.001332313930367
0.001191803360998
0.001075169760399
0.000975745440981
0.00088385035537
0.000790426606426
0.00069388696399
0.000600714992145
0.000518998925232
0.00045214425029
0.000399064328832
0.000357421138648
0.000324741791842
0.000298006759049
0.000273979107658
0.000250500927541
0.000226910260485
0.00020336461981
0.000180786333953
0.00016071061686
0.000144387109193
0.000132076488418
0.000123080471122
0.000116399685402
0.000111193272009
0.000106799893169
0.000102701988829
9.86E-05
9.42E-05
8.95E-05
8.47E-05
8.00E-05
7.54E-05
7.10E-05
6.68E-05
6.28E-05
5.92E-05
5.60E-05
5.31E-05
5.01E-05
4.72E-05
4.44E-05
4.18E-05
3.96E-05
3.77E-05
3.61E-05
3.46E-05
3.34E-05
3.24E-05
3.15E-05
3.07E-05
3.01E-05
2.97E-05
2.93E-05
2.90E-05
2.87E-05
2.83E-05
2.77E-05
2.68E-05
2.58E-05
2.47E-05
2.37E-05
2.27E-05
2.18E-05
2.09E-05
2.01E-05
1.93E-05
1.88E-05
1.83E-05
1.80E-05
1.76E-05
1.73E-05
1.70E-05
1.67E-05
1.65E-05
1.64E-05
1.62E-05
1.61E-05
1.58E-05
1.56E-05
1.53E-05
1.49E-05
1.45E-05
1.40E-05
1.34E-05
1.29E-05
1.23E-05
1.18E-05
1.13E-05
1.08E-05
1.03E-05
9.92E-06
9.66E-06
9.54E-06
9.52E-06
9.54E-06
9.56E-06
9.56E-06
9.57E-06
9.59E-06
9.60E-06
9.59E-06
9.55E-06
9.48E-06
9.36E-06
9.20E-06
8.97E-06
8.71E-06
8.44E-06
8.18E-06
7.93E-06
7.71E-06
7.52E-06
7.36E-06
7.24E-06
7.15E-06
7.07E-06
7.02E-06
7.00E-06
6.98E-06
6.98E-06
6.97E-06
6.95E-06
6.92E-06
6.87E-06
6.82E-06
6.76E-06
6.67E-06
6.56E-06
6.41E-06
6.25E-06
6.10E-06
5.99E-06
5.92E-06
5.88E-06
0

