6.15E-06
6.18E-06
6.20E-06
6.22E-06
6.27E-06
6.33E-06
6.41E-06
6.50E-06
6.59E-06
6.66E-06
6.72E-06
6.79E-06
6.87E-06
6.95E-06
7.03E-06
7.11E-06
7.19E-06
7.28E-06
7.41E-06
7.56E-06
7.71E-06
7.86E-06
8.00E-06
8.19E-06
8.41E-06
8.66E-06
8.89E-06
9.10E-06
9.28E-06
9.46E-06
9.63E-06
9.76E-06
9.84E-06
9.88E-06
9.92E-06
9.97E-06
1.00E-05
1.01E-05
1.02E-05
1.03E-05
1.04E-05
1.06E-05
1.09E-05
1.12E-05
1.16E-05
1.20E-05
1.25E-05
1.29E-05
1.34E-05
1.39E-05
1.44E-05
1.48E-05
1.51E-05
1.54E-05
1.57E-05
1.60E-05
1.62E-05
1.65E-05
1.67E-05
1.69E-05
1.71E-05
1.75E-05
1.79E-05
1.85E-05
1.93E-05
2.00E-05
2.06E-05
2.11E-05
2.17E-05
2.24E-05
2.33E-05
2.43E-05
2.55E-05
2.67E-05
2.77E-05
2.86E-05
2.93E-05
2.98E-05
3.03E-05
3.06E-05
3.10E-05
3.13E-05
3.17E-05
3.20E-05
3.25E-05
3.32E-05
3.41E-05
3.54E-05
3.71E-05
3.92E-05
4.16E-05
4.41E-05
4.64E-05
4.89E-05
5.16E-05
5.50E-05
5.88E-05
6.31E-05
6.80E-05
7.36E-05
7.98E-05
8.64E-05
9.34E-05
0.000100577471228
0.000107901670977
0.000115680703368
0.000124302656643
0.000133928381967
0.000144549082055
0.00015614809459
0.000168883745012
0.000183325094382
0.000200371264772
0.000220522275488
0.000243332593906
0.000268187615577
0.000295684690382
0.000327457739047
0.000364528663821
0.000406347931905
0.00045086540325
0.000495535269307
0.00053819419086
0.000577036620673
0.000611229232169
0.00064143476028
0.000669626732784
0.000697725710878
0.000726999390446
0.000760653220301
0.000805459646235
0.000868857814923
0.000955028329316
0.001065615832906
0.001202963281357
0.001368360096002
0.00155755290105
0.001765049120323
0.001994672009622
0.002258595521127
0.002557610219473
0.002866166735212
0.003150114305731
0.003407323010083
0.003678675849594
0.004004456770605
0.004403805602526
0.004928767163478
0.005691366512597
0.006785596372563
0.008229519143023
0.010072400460305
0.012608040985677
0.01649017591026
0.022576259282217
0.031551777820177
0.043632828557072
0.058532220556999
0.074984017620371
0.089545231968737
0.096848899905123
0.093351280259145
0.080836686464573
0.06451863964204
0.048857920449764
0.035962104467079
0.026199746122372
0.019192673288007
0.014333106431886
0.011012765389779
0.008713273872378
0.007061047439026
0.005858652057056
0.005018361236831
0.004470568592867
0.004118697675253
0.003848635421541
0.003568967749062
0.003249851093151
0.002913429613754
0.00258350065114
0.002268408467482
0.001976532644236
0.001721084236756
0.001508653507262
0.00133487121333
0.001192116508798
0.001074336071264
0.00097541488406
0.000885614962884
0.000795105508514
0.00070098835415
0.00060842611676
0.000525226450568
0.000455821566037
0.000400386831404
0.000357073668611
0.000323479722538
0.000296638184069
0.000273072432633
0.000250166284541
0.000227091110236
0.000204005671194
0.000181607216027
0.000161297501389
0.000144569622426
0.000131971283579
0.000122851413496
0.000116109268643
0.000110809981998
0.000106342310173
0.00010230467143
9.83E-05
9.40E-05
8.95E-05
8.49E-05
8.04E-05
7.59E-05
7.14E-05
6.70E-05
6.29E-05
5.91E-05
5.58E-05
5.28E-05
4.99E-05
4.70E-05
4.42E-05
4.17E-05
3.95E-05
3.77E-05
3.60E-05
3.45E-05
3.32E-05
3.21E-05
3.11E-05
3.03E-05
2.96E-05
2.91E-05
2.87E-05
2.83E-05
2.81E-05
2.78E-05
2.74E-05
2.67E-05
2.57E-05
2.47E-05
2.36E-05
2.27E-05
2.18E-05
2.10E-05
2.02E-05
1.94E-05
1.88E-05
1.83E-05
1.78E-05
1.75E-05
1.71E-05
1.68E-05
1.66E-05
1.64E-05
1.62E-05
1.60E-05
1.57E-05
1.55E-05
1.52E-05
1.50E-05
1.48E-05
1.45E-05
1.41E-05
1.36E-05
1.31E-05
1.25E-05
1.20E-05
1.15E-05
1.11E-05
1.06E-05
1.02E-05
9.87E-06
9.62E-06
9.46E-06
9.39E-06
9.37E-06
9.37E-06
9.39E-06
9.40E-06
9.41E-06
9.40E-06
9.36E-06
9.31E-06
9.23E-06
9.11E-06
8.97E-06
8.81E-06
8.62E-06
8.41E-06
8.18E-06
7.95E-06
7.73E-06
7.55E-06
7.40E-06
7.27E-06
7.15E-06
7.05E-06
6.98E-06
6.92E-06
6.87E-06
6.84E-06
6.80E-06
6.76E-06
6.71E-06
6.65E-06
6.61E-06
6.56E-06
6.52E-06
6.47E-06
6.42E-06
6.37E-06
6.32E-06
6.27E-06
6.22E-06
0

