6.24E-06
6.36E-06
6.44E-06
6.53E-06
6.61E-06
6.68E-06
6.75E-06
6.81E-06
6.86E-06
6.89E-06
6.89E-06
6.90E-06
6.91E-06
6.92E-06
6.92E-06
6.91E-06
6.93E-06
6.99E-06
7.11E-06
7.27E-06
7.45E-06
7.66E-06
7.90E-06
8.17E-06
8.46E-06
8.75E-06
9.03E-06
9.29E-06
9.52E-06
9.72E-06
9.88E-06
9.98E-06
1.00E-05
1.00E-05
9.98E-06
9.95E-06
9.95E-06
9.98E-06
1.00E-05
1.01E-05
1.02E-05
1.04E-05
1.06E-05
1.10E-05
1.14E-05
1.19E-05
1.24E-05
1.30E-05
1.36E-05
1.41E-05
1.46E-05
1.49E-05
1.52E-05
1.55E-05
1.57E-05
1.59E-05
1.62E-05
1.64E-05
1.66E-05
1.68E-05
1.70E-05
1.73E-05
1.77E-05
1.83E-05
1.89E-05
1.95E-05
2.01E-05
2.07E-05
2.14E-05
2.22E-05
2.32E-05
2.44E-05
2.56E-05
2.68E-05
2.78E-05
2.86E-05
2.92E-05
2.95E-05
2.97E-05
3.00E-05
3.04E-05
3.08E-05
3.12E-05
3.16E-05
3.20E-05
3.26E-05
3.34E-05
3.46E-05
3.62E-05
3.82E-05
4.05E-05
4.28E-05
4.53E-05
4.81E-05
5.12E-05
5.49E-05
5.90E-05
6.36E-05
6.85E-05
7.40E-05
8.00E-05
8.65E-05
9.34E-05
0.000100442558227
0.000107569134226
0.000115192013839
0.000123699342098
0.000133222021643
0.000143763342024
0.000155331241062
0.00016807905611
0.000182583323298
0.000199706220959
0.000219822648565
0.000242480134675
0.000267258408869
0.000294875552594
0.00032686937748
0.000364012465275
0.00040552047736
0.000449438378405
0.000493455647398
0.000535415233543
0.000573451142011
0.000606770185139
0.000636295385087
0.000664105047031
0.0006918681238
0.000720750588267
0.000754047101413
0.000798796822307
0.000862770098238
0.000950067534444
0.001062142017871
0.001201372245303
0.001368560691814
0.001558847818033
0.00176709444049
0.001998035462239
0.0022634923874
0.002561448688489
0.002863733171089
0.00313775117512
0.003386570136036
0.003654071612899
0.003978373713113
0.004376830997758
0.004904179785568
0.005672697636827
0.006769719445207
0.008208344113436
0.01004208734838
0.01257424139485
0.016464507996418
0.022568798267342
0.031570843102877
0.043696205911865
0.058672726325129
0.07522628597103
0.089858746543218
0.097135579914647
0.093514405666976
0.080850791620761
0.064427033904474
0.048725551610021
0.035830982656176
0.026084435831448
0.019095469441556
0.014253680012451
0.01095168869627
0.00867079611377
0.007034470898505
0.005841563448935
0.005003848962168
0.004454875315793
0.004101288260252
0.003830623575888
0.003552673843561
0.003237370182783
0.002905174881533
0.002578479149911
0.002265258900428
0.001974280765156
0.001718861270627
0.001505904615371
0.001332001713178
0.001189831452464
0.001072891636625
0.000974655718985
0.000885776125211
0.000797035425156
0.000704850082251
0.000612951534001
0.000529013601227
0.000458535396751
0.000402331979273
0.000358552970126
0.000324846694849
0.000298259493114
0.00027495153121
0.000251960556777
0.000228577068735
0.000205313211965
0.000182911824227
0.000162460107126
0.000145284662811
0.000132117673214
0.0001225888716
0.000115728092957
0.000110498474971
0.000106103681909
0.000102086349374
9.81E-05
9.39E-05
8.95E-05
8.48E-05
8.03E-05
7.59E-05
7.16E-05
6.74E-05
6.34E-05
5.97E-05
5.64E-05
5.34E-05
5.06E-05
4.77E-05
4.49E-05
4.23E-05
4.00E-05
3.80E-05
3.63E-05
3.49E-05
3.37E-05
3.26E-05
3.16E-05
3.06E-05
2.97E-05
2.89E-05
2.84E-05
2.81E-05
2.79E-05
2.77E-05
2.73E-05
2.68E-05
2.60E-05
2.51E-05
2.42E-05
2.33E-05
2.25E-05
2.16E-05
2.07E-05
1.97E-05
1.89E-05
1.83E-05
1.78E-05
1.73E-05
1.69E-05
1.66E-05
1.63E-05
1.61E-05
1.59E-05
1.58E-05
1.57E-05
1.55E-05
1.54E-05
1.52E-05
1.50E-05
1.47E-05
1.43E-05
1.39E-05
1.34E-05
1.29E-05
1.23E-05
1.18E-05
1.14E-05
1.09E-05
1.05E-05
1.02E-05
9.83E-06
9.58E-06
9.43E-06
9.34E-06
9.29E-06
9.24E-06
9.20E-06
9.18E-06
9.18E-06
9.17E-06
9.13E-06
9.05E-06
8.94E-06
8.81E-06
8.68E-06
8.55E-06
8.43E-06
8.28E-06
8.09E-06
7.88E-06
7.67E-06
7.49E-06
7.35E-06
7.24E-06
7.15E-06
7.07E-06
6.97E-06
6.85E-06
6.72E-06
6.61E-06
6.53E-06
6.48E-06
6.44E-06
6.40E-06
6.36E-06
6.30E-06
6.25E-06
6.21E-06
6.19E-06
6.18E-06
6.17E-06
6.14E-06
0

