6.12E-06
6.26E-06
6.35E-06
6.44E-06
6.51E-06
6.57E-06
6.62E-06
6.66E-06
6.69E-06
6.70E-06
6.71E-06
6.71E-06
6.73E-06
6.77E-06
6.83E-06
6.92E-06
7.03E-06
7.16E-06
7.31E-06
7.48E-06
7.67E-06
7.88E-06
8.12E-06
8.38E-06
8.65E-06
8.90E-06
9.14E-06
9.35E-06
9.54E-06
9.71E-06
9.83E-06
9.90E-06
9.92E-06
9.92E-06
9.90E-06
9.88E-06
9.87E-06
9.88E-06
9.91E-06
1.00E-05
1.02E-05
1.05E-05
1.09E-05
1.13E-05
1.17E-05
1.23E-05
1.28E-05
1.35E-05
1.41E-05
1.47E-05
1.51E-05
1.54E-05
1.56E-05
1.58E-05
1.60E-05
1.62E-05
1.64E-05
1.65E-05
1.66E-05
1.67E-05
1.69E-05
1.72E-05
1.78E-05
1.85E-05
1.93E-05
2.01E-05
2.08E-05
2.15E-05
2.22E-05
2.30E-05
2.40E-05
2.51E-05
2.63E-05
2.74E-05
2.83E-05
2.89E-05
2.94E-05
2.97E-05
2.99E-05
3.02E-05
3.05E-05
3.08E-05
3.12E-05
3.15E-05
3.19E-05
3.26E-05
3.36E-05
3.50E-05
3.68E-05
3.90E-05
4.14E-05
4.39E-05
4.63E-05
4.89E-05
5.19E-05
5.54E-05
5.96E-05
6.43E-05
6.95E-05
7.51E-05
8.11E-05
8.75E-05
9.42E-05
0.000100846136796
0.000107645087607
0.000115061092885
0.000123536641834
0.000133165388922
0.000143892719689
0.000155773986789
0.000169016917082
0.000184116677303
0.000201723658799
0.00022204646953
0.000244717301502
0.000269581132042
0.00029746703204
0.000329725327111
0.000366841604351
0.000407963792187
0.00045142007481
0.00049512008678
0.000536861022414
0.000574825509442
0.000608323579705
0.000638243276748
0.000666400358705
0.000694205354124
0.000722912219366
0.000756011205226
0.000800402713627
0.000863475137794
0.000949637772729
0.001061724196611
0.001202827314146
0.001372526626575
0.001564795070148
0.001774875542627
0.002008195948317
0.002275716154126
0.00257267484467
0.002868805128054
0.003132998704524
0.003372362362045
0.003633383954279
0.003953906945428
0.004350999328282
0.00488118881903
0.005655725499518
0.006754881123231
0.008185674220811
0.010003327019452
0.012517159783731
0.016390010708063
0.022478681311149
0.031473763291424
0.043616569299981
0.058647835860843
0.075291408491401
0.090020882409992
0.09735314389494
0.093715659424546
0.080980709775357
0.064479101295541
0.048729002329236
0.035813172974033
0.026054227694174
0.019053219585765
0.014202513590214
0.010899444994427
0.008626160235649
0.007001636013117
0.005817302088714
0.004981773564864
0.004431955611604
0.004078986464494
0.003811977512491
0.003540171279243
0.003231243504165
0.002903844465591
0.002580323466597
0.002268597541035
0.001977348257808
0.00172052336192
0.001506163852095
0.00133177401263
0.001189751191514
0.001072664572523
0.000973873491415
0.000885065588634
0.000797520561099
0.000706785969323
0.000615541086181
0.000531379066864
0.000460414373253
0.000403860980844
0.00035991369208
0.000326134674149
0.000299584286398
0.000276656460741
0.000254456314228
0.00023187006278
0.000208973857372
0.000186470972206
0.000165592228698
0.000147747675534
0.000133782070152
0.000123468998359
0.000115966938256
0.000110334746558
0.000105721504881
0.00010154575584
9.75E-05
9.35E-05
8.93E-05
8.51E-05
8.10E-05
7.69E-05
7.28E-05
6.86E-05
6.46E-05
6.09E-05
5.76E-05
5.46E-05
5.18E-05
4.89E-05
4.60E-05
4.31E-05
4.06E-05
3.85E-05
3.67E-05
3.51E-05
3.37E-05
3.24E-05
3.13E-05
3.04E-05
2.96E-05
2.89E-05
2.85E-05
2.82E-05
2.80E-05
2.79E-05
2.76E-05
2.72E-05
2.64E-05
2.55E-05
2.46E-05
2.37E-05
2.28E-05
2.20E-05
2.12E-05
2.03E-05
1.95E-05
1.88E-05
1.82E-05
1.77E-05
1.72E-05
1.68E-05
1.65E-05
1.62E-05
1.59E-05
1.57E-05
1.55E-05
1.54E-05
1.53E-05
1.52E-05
1.50E-05
1.48E-05
1.44E-05
1.40E-05
1.36E-05
1.31E-05
1.27E-05
1.22E-05
1.16E-05
1.11E-05
1.06E-05
1.02E-05
9.77E-06
9.47E-06
9.30E-06
9.23E-06
9.21E-06
9.21E-06
9.20E-06
9.20E-06
9.20E-06
9.20E-06
9.21E-06
9.19E-06
9.14E-06
9.06E-06
8.97E-06
8.89E-06
8.78E-06
8.63E-06
8.42E-06
8.17E-06
7.91E-06
7.67E-06
7.47E-06
7.30E-06
7.17E-06
7.07E-06
7.00E-06
6.92E-06
6.84E-06
6.74E-06
6.64E-06
6.55E-06
6.50E-06
6.49E-06
6.48E-06
6.46E-06
6.41E-06
6.36E-06
6.31E-06
6.29E-06
6.28E-06
6.25E-06
0

