6.20E-06
6.33E-06
6.44E-06
6.55E-06
6.63E-06
6.68E-06
6.71E-06
6.71E-06
6.72E-06
6.73E-06
6.74E-06
6.76E-06
6.79E-06
6.85E-06
6.92E-06
6.99E-06
7.08E-06
7.20E-06
7.35E-06
7.54E-06
7.75E-06
7.97E-06
8.21E-06
8.48E-06
8.75E-06
9.03E-06
9.28E-06
9.50E-06
9.68E-06
9.81E-06
9.87E-06
9.87E-06
9.84E-06
9.81E-06
9.78E-06
9.76E-06
9.77E-06
9.82E-06
9.92E-06
1.01E-05
1.03E-05
1.06E-05
1.10E-05
1.14E-05
1.19E-05
1.24E-05
1.30E-05
1.36E-05
1.42E-05
1.47E-05
1.51E-05
1.54E-05
1.57E-05
1.59E-05
1.61E-05
1.63E-05
1.65E-05
1.66E-05
1.67E-05
1.69E-05
1.71E-05
1.75E-05
1.81E-05
1.87E-05
1.94E-05
1.99E-05
2.05E-05
2.11E-05
2.18E-05
2.28E-05
2.40E-05
2.52E-05
2.65E-05
2.76E-05
2.84E-05
2.91E-05
2.96E-05
3.01E-05
3.04E-05
3.08E-05
3.10E-05
3.12E-05
3.15E-05
3.18E-05
3.22E-05
3.29E-05
3.41E-05
3.57E-05
3.77E-05
4.00E-05
4.24E-05
4.47E-05
4.70E-05
4.94E-05
5.24E-05
5.60E-05
6.01E-05
6.48E-05
7.01E-05
7.58E-05
8.20E-05
8.86E-05
9.54E-05
0.000102199236607
0.000109180108256
0.000116764244199
0.000125339566857
0.000134995596876
0.000145569343624
0.000156995174559
0.000169692083399
0.0001845354713
0.000202277297185
0.000222954135556
0.000245964301258
0.000271098045733
0.000299378217848
0.000332284562273
0.000370183897115
0.000411940225216
0.000455500128346
0.000498513484296
0.000538908391059
0.000575319731526
0.000607506366914
0.000636554415288
0.000664422847484
0.000692735359325
0.000722843229203
0.000758343428934
0.000805778589554
0.000871336180511
0.000958555431616
0.001070668382797
0.001211087165613
0.001378862221003
0.001568334532473
0.001776564060081
0.002010703209219
0.002281351850058
0.002580846986228
0.0028759894936
0.003135372179113
0.003367927921773
0.003621560882744
0.003934303356781
0.00432410994017
0.004850595410338
0.005626374951346
0.006726833350425
0.008152159977921
0.009957088949037
0.012455675473155
0.016313050378232
0.022385675650242
0.031370363600852
0.043525856498997
0.058609341515585
0.075344515259131
0.090173738501924
0.09756192518134
0.093908069202719
0.081102549482056
0.064523386398355
0.048725240683079
0.035790327592434
0.026022690240928
0.019013896217895
0.014158156655186
0.010857372108578
0.00859460125809
0.00698363323255
0.005807986651806
0.004973520345689
0.004421167643345
0.004067387152698
0.003803614895112
0.003538281902848
0.003235182031076
0.00291031663764
0.002587228583628
0.002275112358329
0.001982814844295
0.001724683163175
0.001509300975742
0.001334235496422
0.001191207405886
0.001072519171669
0.000972727767011
0.000884726022537
0.000799302929576
0.000710652219562
0.000620532281351
0.000536363876353
0.000464711963202
0.000407299756363
0.000362358030259
0.000327257644898
0.000299319871671
0.000275634050665
0.000253600472313
0.000231699455755
0.000209449744913
0.000187303530063
0.000166563918677
0.000148722563788
0.000134597315997
0.000123941561068
0.000115972971901
0.00010996556239
0.000105309309934
0.000101412285776
9.78E-05
9.41E-05
9.02E-05
8.59E-05
8.17E-05
7.75E-05
7.33E-05
6.91E-05
6.49E-05
6.11E-05
5.76E-05
5.46E-05
5.17E-05
4.89E-05
4.60E-05
4.32E-05
4.06E-05
3.85E-05
3.66E-05
3.51E-05
3.37E-05
3.25E-05
3.14E-05
3.05E-05
2.97E-05
2.90E-05
2.85E-05
2.80E-05
2.77E-05
2.75E-05
2.73E-05
2.70E-05
2.64E-05
2.55E-05
2.45E-05
2.35E-05
2.27E-05
2.19E-05
2.10E-05
2.02E-05
1.94E-05
1.87E-05
1.82E-05
1.77E-05
1.73E-05
1.69E-05
1.66E-05
1.62E-05
1.60E-05
1.58E-05
1.56E-05
1.54E-05
1.52E-05
1.51E-05
1.49E-05
1.46E-05
1.44E-05
1.40E-05
1.36E-05
1.32E-05
1.27E-05
1.23E-05
1.18E-05
1.13E-05
1.08E-05
1.04E-05
9.97E-06
9.67E-06
9.46E-06
9.34E-06
9.26E-06
9.19E-06
9.12E-06
9.05E-06
9.03E-06
9.05E-06
9.11E-06
9.19E-06
9.25E-06
9.29E-06
9.29E-06
9.23E-06
9.11E-06
8.93E-06
8.71E-06
8.44E-06
8.14E-06
7.86E-06
7.60E-06
7.40E-06
7.23E-06
7.09E-06
6.95E-06
6.80E-06
6.67E-06
6.57E-06
6.47E-06
6.39E-06
6.34E-06
6.30E-06
6.28E-06
6.26E-06
6.24E-06
6.24E-06
6.27E-06
6.33E-06
6.39E-06
6.40E-06
0

