6.37E-06
6.47E-06
6.53E-06
6.58E-06
6.61E-06
6.63E-06
6.63E-06
6.62E-06
6.61E-06
6.62E-06
6.66E-06
6.72E-06
6.79E-06
6.87E-06
6.95E-06
7.06E-06
7.17E-06
7.31E-06
7.46E-06
7.64E-06
7.85E-06
8.10E-06
8.36E-06
8.64E-06
8.92E-06
9.18E-06
9.40E-06
9.57E-06
9.69E-06
9.77E-06
9.80E-06
9.79E-06
9.77E-06
9.75E-06
9.74E-06
9.74E-06
9.75E-06
9.80E-06
9.89E-06
1.00E-05
1.03E-05
1.06E-05
1.10E-05
1.15E-05
1.20E-05
1.26E-05
1.32E-05
1.37E-05
1.42E-05
1.46E-05
1.49E-05
1.52E-05
1.54E-05
1.56E-05
1.58E-05
1.60E-05
1.62E-05
1.63E-05
1.64E-05
1.65E-05
1.68E-05
1.74E-05
1.80E-05
1.87E-05
1.94E-05
2.00E-05
2.06E-05
2.13E-05
2.21E-05
2.31E-05
2.42E-05
2.54E-05
2.65E-05
2.74E-05
2.81E-05
2.85E-05
2.88E-05
2.91E-05
2.93E-05
2.96E-05
3.00E-05
3.03E-05
3.06E-05
3.10E-05
3.16E-05
3.25E-05
3.38E-05
3.54E-05
3.74E-05
3.96E-05
4.18E-05
4.41E-05
4.65E-05
4.92E-05
5.24E-05
5.61E-05
6.02E-05
6.49E-05
7.00E-05
7.56E-05
8.16E-05
8.79E-05
9.45E-05
0.000101054767914
0.000108030612899
0.000115763480382
0.000124454947281
0.000134162893135
0.000144797116341
0.000156269589716
0.000168978025637
0.000183854431789
0.000201682162582
0.000222421636738
0.000245376020994
0.000270376341536
0.000298426591526
0.000330725864173
0.000367543214799
0.000407990836534
0.000450265197396
0.000492264930054
0.000532009963004
0.000567890873153
0.000599341668147
0.000627349377551
0.000654087511937
0.00068133259495
0.000710754726912
0.000746876242915
0.000796618986832
0.000865090147106
0.000954528386366
0.001068101368632
0.001209649524339
0.001378111193586
0.001567779057474
0.001776615323769
0.002012726083544
0.002285781909741
0.00258598322229
0.002879038807877
0.003134168282575
0.003361400128072
0.003608647441474
0.003914216495771
0.004299198529892
0.004827494290567
0.005611492637398
0.006719891888788
0.008146340883151
0.009947160573133
0.012442573360954
0.016299667524768
0.02237280535621
0.031364224550505
0.043553962746117
0.058720051802017
0.075571634478113
0.090483059748738
0.097848537992143
0.094075949596625
0.081128959256389
0.064448871603682
0.048610469526665
0.035674873642761
0.025917863267091
0.018919275984995
0.014075149844011
0.010790207633936
0.008546806989982
0.006954920439653
0.00579156639552
0.00495937322469
0.004403267475538
0.004047262484621
0.003787505784454
0.003530618122296
0.003233807507309
0.002909573568631
0.002583883939898
0.002269006549441
0.001975087253263
0.001717131452329
0.001503504087025
0.001330301180777
0.00118782343871
0.001068661930949
0.000968905465976
0.000882386494864
0.000799532517803
0.000713551497118
0.000625163015854
0.000541227769522
0.000468917306118
0.000410900201864
0.000365443816856
0.000329603727129
0.000300904470464
0.000276842780227
0.000254770732249
0.000232927223143
0.000210789105354
0.00018864876972
0.000167581529485
0.000149066714153
0.000134162167666
0.000122915553349
0.000114591269994
0.000108345107378
0.000103498687831
9.95E-05
9.60E-05
9.26E-05
8.90E-05
8.52E-05
8.12E-05
7.71E-05
7.31E-05
6.91E-05
6.52E-05
6.14E-05
5.79E-05
5.47E-05
5.18E-05
4.89E-05
4.59E-05
4.30E-05
4.03E-05
3.80E-05
3.60E-05
3.45E-05
3.32E-05
3.22E-05
3.14E-05
3.06E-05
2.99E-05
2.93E-05
2.88E-05
2.84E-05
2.81E-05
2.79E-05
2.77E-05
2.73E-05
2.68E-05
2.61E-05
2.52E-05
2.42E-05
2.32E-05
2.22E-05
2.13E-05
2.03E-05
1.93E-05
1.85E-05
1.78E-05
1.72E-05
1.68E-05
1.63E-05
1.60E-05
1.57E-05
1.56E-05
1.56E-05
1.56E-05
1.56E-05
1.55E-05
1.54E-05
1.53E-05
1.51E-05
1.49E-05
1.46E-05
1.42E-05
1.37E-05
1.31E-05
1.25E-05
1.19E-05
1.13E-05
1.07E-05
1.02E-05
9.77E-06
9.41E-06
9.15E-06
9.00E-06
8.94E-06
8.95E-06
9.00E-06
9.08E-06
9.17E-06
9.26E-06
9.34E-06
9.41E-06
9.44E-06
9.43E-06
9.34E-06
9.17E-06
8.96E-06
8.72E-06
8.49E-06
8.25E-06
8.01E-06
7.75E-06
7.50E-06
7.25E-06
7.05E-06
6.88E-06
6.75E-06
6.65E-06
6.59E-06
6.55E-06
6.53E-06
6.49E-06
6.43E-06
6.36E-06
6.28E-06
6.21E-06
6.17E-06
6.16E-06
6.19E-06
6.22E-06
6.23E-06
6.21E-06
0

