6.29E-06
6.42E-06
6.50E-06
6.58E-06
6.65E-06
6.73E-06
6.78E-06
6.79E-06
6.76E-06
6.71E-06
6.68E-06
6.69E-06
6.74E-06
6.81E-06
6.90E-06
7.01E-06
7.13E-06
7.28E-06
7.45E-06
7.66E-06
7.92E-06
8.21E-06
8.50E-06
8.79E-06
9.09E-06
9.36E-06
9.61E-06
9.80E-06
9.91E-06
9.95E-06
9.93E-06
9.89E-06
9.83E-06
9.78E-06
9.74E-06
9.72E-06
9.74E-06
9.80E-06
9.92E-06
1.01E-05
1.04E-05
1.07E-05
1.12E-05
1.17E-05
1.22E-05
1.28E-05
1.35E-05
1.41E-05
1.46E-05
1.51E-05
1.54E-05
1.57E-05
1.59E-05
1.60E-05
1.62E-05
1.63E-05
1.64E-05
1.64E-05
1.65E-05
1.67E-05
1.71E-05
1.76E-05
1.83E-05
1.90E-05
1.97E-05
2.03E-05
2.10E-05
2.17E-05
2.25E-05
2.34E-05
2.45E-05
2.56E-05
2.66E-05
2.75E-05
2.82E-05
2.88E-05
2.91E-05
2.94E-05
2.97E-05
2.99E-05
3.02E-05
3.05E-05
3.08E-05
3.12E-05
3.17E-05
3.26E-05
3.39E-05
3.56E-05
3.77E-05
3.99E-05
4.21E-05
4.42E-05
4.65E-05
4.91E-05
5.24E-05
5.63E-05
6.06E-05
6.54E-05
7.05E-05
7.60E-05
8.19E-05
8.80E-05
9.43E-05
0.00010072755015
0.000107633744149
0.000115402403007
0.000124178141238
0.000133940104028
0.000144632951812
0.000156298875988
0.000169331570347
0.000184543751181
0.000202624674699
0.000223473212014
0.000246495309395
0.000271815968252
0.000300548034354
0.000333614836606
0.000370915173928
0.000411324186634
0.000453179798774
0.000494875810468
0.000534699074696
0.000570940633
0.000602892810965
0.000631619835796
0.000659243959217
0.000686990501704
0.000716278235527
0.000752078621092
0.000801683401836
0.000870115833355
0.000959571856932
0.001073252106918
0.001214840154698
0.001383167287477
0.001572465265843
0.001780902878849
0.002016413761678
0.002287225420574
0.002582618594075
0.002869583126437
0.003120064127063
0.003345584415721
0.003592222358176
0.003895439413441
0.004276071609224
0.004800117190025
0.00558153507593
0.006687284013579
0.008107295442577
0.009897828526217
0.012381887286067
0.016226736153582
0.022286700011214
0.031273440526159
0.043487860502344
0.058723886097496
0.075681315696006
0.09068864578851
0.098085387801199
0.094267387843052
0.081232723687068
0.064471133684346
0.048588463158628
0.035639998843436
0.025877749534442
0.018871428503996
0.014022594445851
0.010740779866793
0.008507647557858
0.006928809272755
0.005773663301177
0.004940509189823
0.004378432770257
0.0040200161059
0.003766254211613
0.003521258659494
0.003235401869839
0.002917194253972
0.002593892032577
0.002279610671167
0.001984609124483
0.00172458348823
0.001509148643393
0.001334264490601
0.001189878799221
0.001069454881542
0.000969673273455
0.000883881725382
0.000801955867343
0.000716837109805
0.000628826756788
0.000544413513634
0.000471080916715
0.000412017262023
0.000365555989204
0.000328798749889
0.000299540480045
0.000275462385347
0.000253810212796
0.0002326241693
0.000211268468073
0.000189826423701
0.000169086413998
0.000150435726258
0.000135140825348
0.000123584599848
0.000115177705037
0.000108982137107
0.00010417650181
0.000100231847606
9.68E-05
9.35E-05
8.99E-05
8.59E-05
8.17E-05
7.75E-05
7.33E-05
6.92E-05
6.52E-05
6.14E-05
5.79E-05
5.48E-05
5.20E-05
4.93E-05
4.65E-05
4.38E-05
4.12E-05
3.88E-05
3.67E-05
3.49E-05
3.35E-05
3.23E-05
3.11E-05
3.01E-05
2.93E-05
2.86E-05
2.81E-05
2.79E-05
2.78E-05
2.77E-05
2.76E-05
2.74E-05
2.70E-05
2.63E-05
2.54E-05
2.43E-05
2.33E-05
2.23E-05
2.13E-05
2.03E-05
1.94E-05
1.85E-05
1.78E-05
1.72E-05
1.69E-05
1.65E-05
1.63E-05
1.60E-05
1.58E-05
1.57E-05
1.57E-05
1.57E-05
1.56E-05
1.55E-05
1.53E-05
1.52E-05
1.49E-05
1.46E-05
1.43E-05
1.38E-05
1.32E-05
1.26E-05
1.20E-05
1.14E-05
1.09E-05
1.03E-05
9.84E-06
9.46E-06
9.19E-06
9.04E-06
8.99E-06
9.04E-06
9.13E-06
9.23E-06
9.33E-06
9.41E-06
9.48E-06
9.53E-06
9.54E-06
9.52E-06
9.45E-06
9.33E-06
9.17E-06
8.97E-06
8.73E-06
8.46E-06
8.17E-06
7.87E-06
7.59E-06
7.35E-06
7.14E-06
6.97E-06
6.82E-06
6.70E-06
6.61E-06
6.57E-06
6.57E-06
6.59E-06
6.60E-06
6.58E-06
6.52E-06
6.44E-06
6.36E-06
6.27E-06
6.18E-06
6.08E-06
5.99E-06
5.90E-06
0

