6.07686808029536E-06
6.27141668664021E-06
6.45712308299806E-06
6.65885205521096E-06
6.83913117554069E-06
6.97993714526913E-06
7.05917520947403E-06
7.06761926006228E-06
7.01010143964468E-06
6.89776591166392E-06
6.75229004925553E-06
6.6077860392657E-06
6.50051515698537E-06
6.4538863621486E-06
6.46854014114727E-06
6.53345236814756E-06
6.64654710637967E-06
6.81995075139089E-06
7.0696288131455E-06
7.40087251285698E-06
7.79601309318062E-06
8.21909586506568E-06
8.63749278265926E-06
9.03235877347608E-06
9.38814523901877E-06
9.68941080598946E-06
9.93259130652578E-06
1.01157370557599E-05
1.02265238917703E-05
1.02536238419122E-05
1.01940261097191E-05
1.00624465646678E-05
9.89617785016629E-06
9.74201106572961E-06
9.63733168707461E-06
9.59033710787563E-06
9.58161106165415E-06
9.60351222560699E-06
9.68697001348739E-06
9.8743776431533E-06
1.01792711883138E-05
1.05875531033941E-05
1.10847002646836E-05
1.16535293912843E-05
1.22620875930982E-05
1.28800008603455E-05
1.34880578299363E-05
1.40630097528018E-05
1.45760609045539E-05
1.5008068390114E-05
1.53596816122956E-05
1.56402694780057E-05
1.58502318519842E-05
1.59954016571761E-05
1.60984832210428E-05
1.61844197969137E-05
1.62760167101607E-05
1.64084581809452E-05
1.66232708007575E-05
1.69419547189461E-05
1.73564997202422E-05
1.78407116904195E-05
1.83456762388329E-05
1.87990791589719E-05
1.91794175763269E-05
1.95622899634539E-05
2.00569997279538E-05
2.07473851804037E-05
2.16818759331366E-05
2.28552478503929E-05
2.41900363056343E-05
2.55541334387339E-05
2.68013901013139E-05
2.78342955223084E-05
2.86679396540465E-05
2.93950260288615E-05
3.00310504930844E-05
3.05030525641139E-05
3.07879905660494E-05
3.0926743373916E-05
3.09730255535553E-05
3.0979770620044E-05
3.09987887233778E-05
3.11092118015553E-05
3.143619772303E-05
3.21195096794871E-05
3.32702839761691E-05
3.49301106653422E-05
3.70494396082887E-05
3.95035527335541E-05
4.21395032921956E-05
4.48755886542041E-05
4.77339984140013E-05
5.08055632253944E-05
5.42341448986502E-05
5.81556594956187E-05
6.26298001175163E-05
6.76254381010939E-05
7.3029260584904E-05
7.87066813062085E-05
8.45916743069471E-05
9.06644499401384E-05
9.69056073291992E-05
0.000103357323912
0.000110181263326
0.000117538381621
0.000125434847502
0.000133988596332
0.000143764364152
0.000155555694774
0.000169881738201
0.000186725733372
0.000205654281672
0.000226074498022
0.00024745874394
0.000269772307354
0.000294046626073
0.000322136090099
0.000355298364622
0.000393000671503
0.000433618199192
0.000476215739222
0.000520118257059
0.000562727208891
0.000600635650332
0.000633401607734
0.000664022780255
0.000694811870124
0.000724832776728
0.000754334267276
0.000789762842801
0.000840631786578
0.000913788088508
0.001012389150065
0.001137370974068
0.001287314709262
0.001458207886269
0.001647440912321
0.001858119004267
0.002094770517319
0.002353631239798
0.002624046502195
0.002901178447832
0.003190245637893
0.003497814333245
0.003823320419126
0.004177573768582
0.004614929002814
0.005215900899726
0.006049889220221
0.007206761847882
0.008897400314139
0.01147934953126
0.015308474605793
0.020719949362918
0.028502296716632
0.040282801727777
0.057468932189831
0.078726478883575
0.098312216049657
0.108142444073857
0.103565419429752
0.087061755810675
0.065709402289513
0.046152764187611
0.031577207488463
0.021860607188555
0.015585771186056
0.011505881160902
0.008831665208742
0.007094883072929
0.005979687901574
0.005237131512729
0.004705479307442
0.004318808232226
0.004041558240217
0.003818972814028
0.003580511068843
0.003271773186799
0.002895937649091
0.002510285464362
0.002170842625221
0.001892671153836
0.001663617440672
0.001473964207464
0.001320110032432
0.001193542674319
0.001083340537015
0.000983403057887
0.000891213432066
0.000804622064776
0.000720988605316
0.000639656255576
0.000563468906468
0.00049583988314
0.000437509224909
0.000387487863525
0.000345557079974
0.000311916631732
0.000285699537954
0.000264424244323
0.000245029382415
0.000225651980361
0.000205811741698
0.000185832999769
0.000166582032529
0.000148798488188
0.000132961343558
0.00011988223337
0.000110354069438
0.000104205728733
0.000100371504204
9.76948257682095E-05
9.52801269012807E-05
9.25360699019075E-05
8.92528221815681E-05
8.54951033781845E-05
8.14827959164776E-05
7.74148373885244E-05
7.33613701939085E-05
6.9388597594762E-05
6.55603219213876E-05
6.19083959648501E-05
5.84154609703693E-05
5.50134119127763E-05
5.16838821194319E-05
4.8485189237701E-05
4.54695186487885E-05
4.26186425446512E-05
3.99047520043769E-05
3.73995638640919E-05
3.5231250931386E-05
3.34802861545618E-05
3.21419520540602E-05
3.11287629543718E-05
3.03266657187311E-05
2.96773906372099E-05
2.91660128318003E-05
2.87878700031817E-05
2.85411481603808E-05
2.83719407724829E-05
2.81852400636223E-05
2.79161616318038E-05
2.7556798743185E-05
2.71198746869235E-05
2.65835774459251E-05
2.58951728609783E-05
2.50344929271058E-05
2.40460679148804E-05
2.30130074690846E-05
2.19860603267996E-05
2.09612929515393E-05
1.99413102571794E-05
1.89615058016932E-05
1.80885941658675E-05
1.73974514674292E-05
1.69141637111897E-05
1.65872105918526E-05
1.63088533842888E-05
1.60051698074402E-05
1.57000756099756E-05
1.54641887294039E-05
1.53555702358651E-05
1.53799117038802E-05
1.54650561207672E-05
1.55180185813691E-05
1.54896832501731E-05
1.53695149317358E-05
1.51665244654543E-05
1.48981938777477E-05
1.4570907851723E-05
1.41837920399831E-05
1.37380917550527E-05
1.32224654119115E-05
1.26222594145378E-05
1.1950015127127E-05
1.12452380422708E-05
1.05578981024759E-05
9.9402036358137E-06
9.4356789663121E-06
9.06448312641563E-06
8.82174162084846E-06
8.69181557625474E-06
8.65753947737663E-06
8.69802551876032E-06
8.79457455466473E-06
8.93415681282263E-06
9.1023429204701E-06
9.28408846922529E-06
9.46388659357583E-06
9.61683157185616E-06
9.71169708441473E-06
9.72930510413899E-06
9.6705109240181E-06
9.54633488649529E-06
9.36838749174481E-06
9.14231668995704E-06
8.86381996412923E-06
8.53317712851504E-06
8.17407776108172E-06
7.82044155864713E-06
7.49139828325381E-06
7.18925289609496E-06
6.91632260185896E-06
6.67913293936251E-06
6.4829721914417E-06
6.33270989602155E-06
6.23247593523793E-06
6.1817597706251E-06
6.17800416999227E-06
6.22116125204456E-06
6.30572626766749E-06
6.41142179061984E-06
6.50693102348383E-06
6.56275565138444E-06
6.56724867198168E-06
6.53502671712588E-06
6.4846161201015E-06
6.42882943089776E-06
6.32485528935E-06
0

