6.38E-06
6.56E-06
6.71E-06
6.83E-06
6.91E-06
6.94E-06
6.93E-06
6.89E-06
6.83E-06
6.77E-06
6.69E-06
6.61E-06
6.54E-06
6.49E-06
6.50E-06
6.60E-06
6.76E-06
6.97E-06
7.24E-06
7.54E-06
7.88E-06
8.25E-06
8.63E-06
9.01E-06
9.35E-06
9.64E-06
9.87E-06
1.00E-05
1.01E-05
1.01E-05
1.01E-05
1.01E-05
1.00E-05
9.92E-06
9.82E-06
9.74E-06
9.69E-06
9.70E-06
9.80E-06
1.00E-05
1.03E-05
1.07E-05
1.12E-05
1.18E-05
1.24E-05
1.31E-05
1.37E-05
1.43E-05
1.47E-05
1.51E-05
1.54E-05
1.56E-05
1.59E-05
1.60E-05
1.62E-05
1.62E-05
1.63E-05
1.63E-05
1.64E-05
1.66E-05
1.69E-05
1.74E-05
1.81E-05
1.87E-05
1.94E-05
2.00E-05
2.06E-05
2.15E-05
2.25E-05
2.36E-05
2.48E-05
2.59E-05
2.68E-05
2.76E-05
2.81E-05
2.85E-05
2.88E-05
2.91E-05
2.95E-05
2.98E-05
3.01E-05
3.03E-05
3.05E-05
3.08E-05
3.13E-05
3.22E-05
3.35E-05
3.52E-05
3.72E-05
3.94E-05
4.17E-05
4.41E-05
4.68E-05
4.99E-05
5.34E-05
5.74E-05
6.17E-05
6.65E-05
7.17E-05
7.72E-05
8.31E-05
8.92E-05
9.52E-05
0.000101279123889
0.000107901551213
0.00011535975847
0.000123746549749
0.000133043650582
0.000143252826968
0.00015453346594
0.00016745169239
0.000182849294647
0.000201153163504
0.000221991939367
0.000244858256955
0.000270200300016
0.000299345669641
0.00033312460545
0.000371051779835
0.000411533040394
0.000452680431759
0.000492802289245
0.000530214600741
0.000563693061107
0.000593305303524
0.000620949126367
0.00064887371019
0.000677967824682
0.000709788115452
0.000748758050136
0.000800586461056
0.000869781345243
0.000959705494234
0.001074033584902
0.001215821763074
0.001383803107113
0.001572518306761
0.001780777609478
0.002016687446083
0.00228659861951
0.002577987881226
0.002858810061559
0.003105117335351
0.00333155004839
0.003580436830014
0.003880391720342
0.004251776171614
0.004765708375129
0.005539841164055
0.006639666879094
0.008051379513992
0.009833843964073
0.012315686325676
0.016162067669937
0.022221093006339
0.0312164719041
0.043493852262718
0.058889981571358
0.076075620227052
0.091246217653896
0.098613440665868
0.094596803666264
0.081319740842764
0.06437523888406
0.048412110455406
0.035456893990286
0.025706650762785
0.01870778003913
0.013870174959562
0.010608397877486
0.008400622044385
0.006849278241858
0.005716835112641
0.004894572152645
0.004334192301811
0.003979343267945
0.003737862138849
0.00350849752752
0.003232338622168
0.002915795637221
0.002591552942086
0.002277899023719
0.001982981033132
0.001720776250354
0.001503830161068
0.001329954105487
0.00118776986333
0.001068710120573
0.000968529211077
0.000882503002114
0.000802871927463
0.00072228875721
0.000638721821308
0.000556563317553
0.000482649933942
0.000421052562835
0.000371809749712
0.000333091481117
0.000302959471945
0.000279064440435
0.000258116094371
0.000237367070916
0.000215939271185
0.000194143021915
0.000172787049382
0.000153116063939
0.000136499544074
0.000123655880821
0.000114305884998
0.000107691578282
0.000102945975957
9.92E-05
9.60E-05
9.28E-05
8.96E-05
8.62E-05
8.25E-05
7.86E-05
7.47E-05
7.08E-05
6.69E-05
6.31E-05
5.95E-05
5.62E-05
5.32E-05
5.04E-05
4.75E-05
4.45E-05
4.17E-05
3.91E-05
3.69E-05
3.50E-05
3.35E-05
3.23E-05
3.13E-05
3.05E-05
2.99E-05
2.93E-05
2.87E-05
2.83E-05
2.80E-05
2.78E-05
2.77E-05
2.76E-05
2.73E-05
2.68E-05
2.60E-05
2.51E-05
2.40E-05
2.29E-05
2.19E-05
2.09E-05
1.98E-05
1.88E-05
1.79E-05
1.72E-05
1.66E-05
1.61E-05
1.58E-05
1.55E-05
1.54E-05
1.54E-05
1.54E-05
1.54E-05
1.55E-05
1.56E-05
1.56E-05
1.56E-05
1.55E-05
1.53E-05
1.49E-05
1.45E-05
1.39E-05
1.33E-05
1.26E-05
1.20E-05
1.14E-05
1.08E-05
1.02E-05
9.70E-06
9.30E-06
9.03E-06
8.87E-06
8.81E-06
8.82E-06
8.89E-06
9.01E-06
9.16E-06
9.32E-06
9.47E-06
9.57E-06
9.63E-06
9.63E-06
9.60E-06
9.52E-06
9.36E-06
9.11E-06
8.79E-06
8.43E-06
8.05E-06
7.67E-06
7.30E-06
6.98E-06
6.73E-06
6.55E-06
6.43E-06
6.34E-06
6.27E-06
6.22E-06
6.20E-06
6.23E-06
6.29E-06
6.37E-06
6.45E-06
6.51E-06
6.53E-06
6.52E-06
6.48E-06
6.43E-06
6.32E-06
0

