6.17E-06
6.37E-06
6.50E-06
6.60E-06
6.66E-06
6.68E-06
6.68E-06
6.66E-06
6.64E-06
6.59E-06
6.55E-06
6.51E-06
6.50E-06
6.55E-06
6.68E-06
6.89E-06
7.15E-06
7.44E-06
7.74E-06
8.03E-06
8.32E-06
8.61E-06
8.93E-06
9.27E-06
9.60E-06
9.88E-06
1.01E-05
1.02E-05
1.02E-05
1.01E-05
1.00E-05
9.95E-06
9.86E-06
9.77E-06
9.68E-06
9.60E-06
9.59E-06
9.66E-06
9.85E-06
1.01E-05
1.05E-05
1.09E-05
1.15E-05
1.21E-05
1.27E-05
1.34E-05
1.40E-05
1.44E-05
1.48E-05
1.51E-05
1.54E-05
1.56E-05
1.59E-05
1.61E-05
1.63E-05
1.63E-05
1.64E-05
1.64E-05
1.64E-05
1.67E-05
1.71E-05
1.76E-05
1.82E-05
1.88E-05
1.94E-05
2.00E-05
2.07E-05
2.15E-05
2.26E-05
2.38E-05
2.51E-05
2.63E-05
2.72E-05
2.80E-05
2.86E-05
2.90E-05
2.92E-05
2.95E-05
2.97E-05
2.98E-05
2.99E-05
3.01E-05
3.03E-05
3.07E-05
3.15E-05
3.26E-05
3.42E-05
3.61E-05
3.83E-05
4.05E-05
4.26E-05
4.47E-05
4.72E-05
5.02E-05
5.36E-05
5.74E-05
6.17E-05
6.65E-05
7.18E-05
7.73E-05
8.32E-05
8.90E-05
9.49E-05
0.000100838274739
0.000107474963874
0.000115123733437
0.000123842758006
0.000133469212761
0.000143937040444
0.000155596580696
0.000169152989826
0.000185201076945
0.000203796237506
0.000224491250236
0.000247084617716
0.000272372826639
0.000301661160697
0.000335508791431
0.000373450125331
0.000414295608827
0.000456272679546
0.000497225749454
0.000535017134433
0.000568305636842
0.000597322974398
0.000623945724079
0.000650199808096
0.000677437804828
0.000708268979744
0.00074771860114
0.000801096175239
0.000871945807292
0.000963073290974
0.001078496578033
0.001221819702885
0.001391626700052
0.00158179827472
0.00179037488232
0.002024844160645
0.002290929720754
0.002575689796729
0.002848096060392
0.003087599665241
0.0033119666721
0.003562625733684
0.003864407791673
0.004235344463796
0.004746434566759
0.005515970223441
0.006610114031446
0.008015481327336
0.009791819217254
0.012266523268255
0.016098750705896
0.022132850312479
0.031104718984963
0.043389834426191
0.058848700327393
0.076142708116212
0.091417706834995
0.098833044171149
0.094796382766195
0.081452599536719
0.064431932338347
0.04841795806577
0.035441009049707
0.025678386788255
0.018667255710151
0.013823972237499
0.010565312518733
0.008365420782614
0.006824030405983
0.005699875984948
0.004880124673922
0.004317309956313
0.003960837947666
0.003722821658799
0.003500672500204
0.003231570765945
0.002919631474309
0.002598056900268
0.002286064027259
0.001990944365732
0.001726348738594
0.001506685116466
0.001331207151486
0.00118825876123
0.001068512303049
0.000967732039919
0.000881983582209
0.000803836967781
0.0007254364625
0.000643693795615
0.000561980029061
0.000487023936937
0.000423701885193
0.00037281358489
0.000332798539241
0.000301766447215
0.000277352590091
0.000256330189692
0.000235998962861
0.000215261374674
0.000194130874827
0.000173332768177
0.000154108736489
0.000137728431456
0.000124892082231
0.000115392845502
0.000108529604295
0.000103548236054
9.97E-05
9.63E-05
9.30E-05
8.97E-05
8.63E-05
8.26E-05
7.88E-05
7.49E-05
7.10E-05
6.72E-05
6.34E-05
5.98E-05
5.65E-05
5.36E-05
5.08E-05
4.79E-05
4.49E-05
4.20E-05
3.93E-05
3.71E-05
3.52E-05
3.37E-05
3.25E-05
3.15E-05
3.07E-05
2.99E-05
2.93E-05
2.88E-05
2.84E-05
2.81E-05
2.78E-05
2.76E-05
2.74E-05
2.72E-05
2.67E-05
2.60E-05
2.50E-05
2.39E-05
2.28E-05
2.18E-05
2.09E-05
1.99E-05
1.90E-05
1.82E-05
1.75E-05
1.70E-05
1.66E-05
1.62E-05
1.60E-05
1.58E-05
1.57E-05
1.57E-05
1.57E-05
1.57E-05
1.57E-05
1.56E-05
1.54E-05
1.52E-05
1.49E-05
1.45E-05
1.40E-05
1.34E-05
1.28E-05
1.22E-05
1.16E-05
1.11E-05
1.06E-05
1.01E-05
9.67E-06
9.29E-06
9.00E-06
8.83E-06
8.78E-06
8.83E-06
8.94E-06
9.09E-06
9.24E-06
9.38E-06
9.48E-06
9.54E-06
9.57E-06
9.55E-06
9.51E-06
9.44E-06
9.31E-06
9.10E-06
8.82E-06
8.47E-06
8.10E-06
7.72E-06
7.38E-06
7.07E-06
6.80E-06
6.58E-06
6.40E-06
6.27E-06
6.19E-06
6.15E-06
6.15E-06
6.19E-06
6.25E-06
6.32E-06
6.40E-06
6.46E-06
6.48E-06
6.45E-06
6.38E-06
6.31E-06
6.24E-06
0

