6.12E-06
6.28E-06
6.42E-06
6.58E-06
6.73E-06
6.86E-06
6.94E-06
6.97E-06
6.94E-06
6.88E-06
6.81E-06
6.74E-06
6.70E-06
6.70E-06
6.74E-06
6.80E-06
6.90E-06
7.04E-06
7.25E-06
7.54E-06
7.91E-06
8.31E-06
8.73E-06
9.14E-06
9.52E-06
9.88E-06
1.02E-05
1.04E-05
1.05E-05
1.06E-05
1.05E-05
1.05E-05
1.03E-05
1.02E-05
1.01E-05
9.97E-06
9.94E-06
9.97E-06
1.01E-05
1.03E-05
1.05E-05
1.09E-05
1.14E-05
1.20E-05
1.27E-05
1.34E-05
1.40E-05
1.45E-05
1.49E-05
1.53E-05
1.57E-05
1.60E-05
1.62E-05
1.65E-05
1.66E-05
1.66E-05
1.66E-05
1.66E-05
1.67E-05
1.70E-05
1.74E-05
1.79E-05
1.85E-05
1.90E-05
1.95E-05
2.01E-05
2.09E-05
2.19E-05
2.31E-05
2.45E-05
2.58E-05
2.69E-05
2.77E-05
2.84E-05
2.89E-05
2.92E-05
2.95E-05
2.97E-05
2.99E-05
3.01E-05
3.02E-05
3.04E-05
3.07E-05
3.11E-05
3.19E-05
3.30E-05
3.46E-05
3.65E-05
3.85E-05
4.07E-05
4.27E-05
4.49E-05
4.74E-05
5.03E-05
5.38E-05
5.77E-05
6.22E-05
6.70E-05
7.21E-05
7.76E-05
8.34E-05
8.94E-05
9.55E-05
0.000101839614286
0.000108833655617
0.000116672812804
0.000125370636118
0.00013481323179
0.00014493721042
0.000156154048231
0.000169402344234
0.00018549251669
0.000204427096648
0.000225511432219
0.000248454180042
0.000274158358183
0.000303904444927
0.000338059651064
0.000375948944634
0.000416249935845
0.000457363893153
0.00049756184242
0.000535007094016
0.000568365706999
0.000597759516969
0.000624717672838
0.000650781398905
0.000677262415615
0.000707226368022
0.000746393464992
0.000800672876701
0.000873376445292
0.000966197770298
0.001082413324519
0.001225642927094
0.001394631827287
0.001583634146034
0.001791195224774
0.00202509623335
0.002290581495988
0.00257320539958
0.002841068267675
0.003075769664705
0.003298581409489
0.003551631439942
0.003856718141101
0.004228755810253
0.004738161962741
0.005503620527871
0.006591610981804
0.007990237952561
0.009761267182688
0.012230895297808
0.01605243266959
0.022065987445801
0.031017428036816
0.043312002870039
0.058838517069862
0.076246640596385
0.091616502183648
0.099046323821735
0.094950305236543
0.081520339885493
0.064428394001623
0.048380212219495
0.035396782515783
0.02563082559386
0.018612411586556
0.01376790488168
0.010516890128817
0.008328051177755
0.006798460172014
0.005685459514929
0.004873383839696
0.004312973359565
0.003955413209416
0.00371646817119
0.00349550286639
0.00322925315837
0.002920431121079
0.002601769521897
0.002292215721933
0.001997811664547
0.001731580924775
0.001509259598023
0.001331866672682
0.001188146647608
0.001068138248626
0.00096729114769
0.000881944131614
0.000804979147041
0.000728330886416
0.000648043991309
0.000566798039727
0.000491590614921
0.00042783999777
0.000376342607849
0.00033533875535
0.000302985560881
0.0002773665451
0.000255950649159
0.000236184838116
0.000216444324734
0.000196190519723
0.000175904942991
0.000156831053217
0.000140275336731
0.000127048156494
0.000117094878452
0.000109725207761
0.000104143716972
9.96E-05
9.57E-05
9.21E-05
8.88E-05
8.57E-05
8.24E-05
7.91E-05
7.55E-05
7.18E-05
6.78E-05
6.39E-05
6.02E-05
5.68E-05
5.37E-05
5.09E-05
4.82E-05
4.53E-05
4.24E-05
3.98E-05
3.74E-05
3.55E-05
3.38E-05
3.25E-05
3.14E-05
3.04E-05
2.95E-05
2.88E-05
2.82E-05
2.78E-05
2.76E-05
2.74E-05
2.73E-05
2.72E-05
2.70E-05
2.68E-05
2.62E-05
2.54E-05
2.44E-05
2.33E-05
2.23E-05
2.13E-05
2.02E-05
1.92E-05
1.83E-05
1.75E-05
1.68E-05
1.63E-05
1.60E-05
1.57E-05
1.55E-05
1.55E-05
1.55E-05
1.55E-05
1.56E-05
1.56E-05
1.56E-05
1.56E-05
1.55E-05
1.53E-05
1.50E-05
1.46E-05
1.41E-05
1.35E-05
1.28E-05
1.22E-05
1.16E-05
1.10E-05
1.04E-05
9.87E-06
9.41E-06
9.05E-06
8.81E-06
8.72E-06
8.73E-06
8.83E-06
8.97E-06
9.14E-06
9.31E-06
9.46E-06
9.57E-06
9.65E-06
9.69E-06
9.69E-06
9.63E-06
9.51E-06
9.32E-06
9.06E-06
8.74E-06
8.37E-06
7.99E-06
7.61E-06
7.24E-06
6.92E-06
6.67E-06
6.49E-06
6.38E-06
6.31E-06
6.25E-06
6.22E-06
6.21E-06
6.25E-06
6.29E-06
6.34E-06
6.38E-06
6.39E-06
6.39E-06
6.35E-06
6.30E-06
6.18E-06
0

