6.08704457234284E-06
6.29260328125568E-06
6.46300085414692E-06
6.63421690844955E-06
6.77618246026091E-06
6.88273404056227E-06
6.948058606797E-06
6.96534529503245E-06
6.93356422836194E-06
6.87171635974282E-06
6.80961520583807E-06
6.7639105413197E-06
6.73351649053332E-06
6.71170573099134E-06
6.70031679256821E-06
6.71726488562374E-06
6.78769801676157E-06
6.92737776696292E-06
7.14219504628388E-06
7.43941905968059E-06
7.81866059385192E-06
8.25760976522001E-06
8.71905580312457E-06
9.16694219299574E-06
9.57531333780652E-06
9.92635319700424E-06
1.02013103588546E-05
1.03839947911088E-05
1.04691172158041E-05
1.04628796421593E-05
1.03872320806063E-05
1.02756789765437E-05
1.01570679045645E-05
1.00345898007189E-05
9.89593099699219E-06
9.75261142027298E-06
9.64798636494513E-06
9.63585012034636E-06
9.75711819914979E-06
1.00252539231931E-05
1.04291409658914E-05
1.09346778580302E-05
1.14869733883708E-05
1.20447000551711E-05
1.26026114552233E-05
1.31671499036244E-05
1.37367810371072E-05
1.4294433268259E-05
1.48044543717755E-05
1.52314576493535E-05
1.55673806446121E-05
1.58234304662349E-05
1.60058224190528E-05
1.61192766711889E-05
1.61774310682862E-05
1.62121792464631E-05
1.62732420942341E-05
1.64116552750669E-05
1.66624002408036E-05
1.70320233002735E-05
1.74804275715695E-05
1.79342017938162E-05
1.83432573258315E-05
1.87115957664636E-05
1.90897966211406E-05
1.9564390889941E-05
2.02481898598239E-05
2.1213226745509E-05
2.24222894893568E-05
2.37459944031769E-05
2.50010192422286E-05
2.60489973397558E-05
2.68892523797747E-05
2.7597448777192E-05
2.82348959454196E-05
2.88180254304354E-05
2.93099591906123E-05
2.9652484567913E-05
2.98292283419573E-05
2.98955532134874E-05
2.9928190542336E-05
2.99563657771808E-05
3.00126482529305E-05
3.02181663855102E-05
3.07407017090402E-05
3.16920581096413E-05
3.30847071727728E-05
3.48432599097901E-05
3.68542589832754E-05
3.90396830808821E-05
4.13918958067465E-05
4.39445428602532E-05
4.67733996595472E-05
4.99857605082001E-05
5.36504713860184E-05
5.77669766840369E-05
6.22962066902667E-05
6.7169646605648E-05
7.23030434269531E-05
7.76111470013053E-05
8.3026424973326E-05
8.85624228247206E-05
9.43406997029071E-05
0.000100557443338
0.000107326203325
0.000114567331454
0.000122348398372
0.000131252409526
0.000142139854648
0.000155550520379
0.000171415024514
0.000189201989829
0.000208228808761
0.000227994092634
0.000248468546968
0.000270431592507
0.000295391947376
0.000324614632352
0.000358234308452
0.000395525809742
0.000435874281385
0.000478956603985
0.00052310351835
0.000564238546341
0.000598976841918
0.000628824006875
0.000657886841765
0.000686868214539
0.000713951410499
0.00074205642487
0.000780437570832
0.000838054023344
0.000919099727914
0.001024576750844
0.001154482519086
0.001306411425032
0.001476790021569
0.001665379855003
0.001874714851278
0.002104494172629
0.002348113142935
0.002597561698754
0.002852994082237
0.003126111746235
0.00342790335101
0.003757646301982
0.004124521695865
0.004576169969287
0.005185051141093
0.006023772756008
0.007197134171557
0.008929573348717
0.011562620645327
0.015393630341587
0.020729840116701
0.028464843540016
0.040363686068811
0.057798871579303
0.079233463538613
0.098753618211881
0.108308310992012
0.103435518661468
0.086767470860704
0.065412119279914
0.045946697523792
0.031476734510052
0.021837634352302
0.015593304235443
0.011506912259475
0.008811654180222
0.007052026562205
0.005922185421316
0.005175339965811
0.004638568047511
0.004241684587661
0.003962779996582
0.00375841764292
0.003553885634457
0.003278815178404
0.002920848165971
0.002534176253233
0.002183709194533
0.00189591337628
0.001662703938026
0.001471414072241
0.001316212357765
0.001189609966824
0.001081044212339
0.000983252924916
0.000893080946013
0.00080865146671
0.000728641991814
0.000651929287052
0.000578773688979
0.000511634690341
0.000452142368526
0.000399952641517
0.000354829982591
0.000317524975481
0.000288242270833
0.000265335889878
0.000246069411214
0.000228127643535
0.000210234898805
0.000191889244346
0.000173274194832
0.000155107008545
0.000138064323758
0.000122981479642
0.000111060338688
0.000102890090769
9.78045825132265E-05
9.45444167602779E-05
9.20821059467268E-05
8.97680852116301E-05
8.7219392987711E-05
8.43117602018026E-05
8.10729527170965E-05
7.76031920554513E-05
7.39984857175634E-05
7.03233214893859E-05
6.66531991154972E-05
6.30347391105147E-05
5.95157034153958E-05
5.61548950636331E-05
5.29680218990484E-05
4.99313406243641E-05
4.70369090904284E-05
4.42843379841284E-05
4.1612625114225E-05
3.89562957498676E-05
3.63876485719423E-05
3.40843097751823E-05
3.21746383419076E-05
3.06954838576904E-05
2.96347598082197E-05
2.89380684240157E-05
2.85248071538065E-05
2.83094263023087E-05
2.8213037091113E-05
2.81650382294571E-05
2.80880187459949E-05
2.79198866814955E-05
2.76431481090972E-05
2.72766340162998E-05
2.68523281910514E-05
2.63724563680746E-05
2.57788733302375E-05
2.50002606194586E-05
2.40324566898639E-05
2.29434129369085E-05
2.18114140731759E-05
2.06890654362398E-05
1.96187053609554E-05
1.86491605299264E-05
1.78203151564642E-05
1.71511188862192E-05
1.66366504861877E-05
1.62531273710937E-05
1.5959806248924E-05
1.57064005139473E-05
1.54714034732964E-05
1.52828969351125E-05
1.51866760332026E-05
1.51897643839353E-05
1.52500169135246E-05
1.53109523606328E-05
1.53229883371582E-05
1.52559790684333E-05
1.51064349838353E-05
1.48824954293965E-05
1.45890560573659E-05
1.42326522154985E-05
1.38162791856508E-05
1.33367300993174E-05
1.27954769617951E-05
1.21972116561621E-05
1.15530285842519E-05
1.08947631830538E-05
1.02717704347934E-05
9.73100943443318E-06
9.30267540787125E-06
8.99685446639161E-06
8.80925994976449E-06
8.72883277588357E-06
8.74318752610362E-06
8.83773170296367E-06
8.99122857243511E-06
9.17910350795622E-06
9.37955563978117E-06
9.5775010184261E-06
9.75968401491618E-06
9.89671299197127E-06
9.94260623929223E-06
9.87010761176277E-06
9.70031723825961E-06
9.48298960405584E-06
9.24921742900942E-06
8.99639908461555E-06
8.7069514662026E-06
8.36967245218776E-06
7.99394464726781E-06
7.6042861337532E-06
7.22914352339969E-06
6.89801649703561E-06
6.63167910783059E-06
6.43260273532645E-06
6.28850941566132E-06
6.18459002343233E-06
6.1205901890781E-06
6.10792014396251E-06
6.14606239830976E-06
6.2158326152067E-06
6.29273937800605E-06
6.35746075817056E-06
6.39561774300389E-06
6.39876424831633E-06
6.36534780259205E-06
6.31080166483014E-06
6.19433397882646E-06
0

