6.15E-06
6.30E-06
6.40E-06
6.49E-06
6.56E-06
6.61E-06
6.62E-06
6.58E-06
6.53E-06
6.50E-06
6.52E-06
6.58E-06
6.66E-06
6.74E-06
6.82E-06
6.91E-06
7.04E-06
7.24E-06
7.50E-06
7.83E-06
8.20E-06
8.56E-06
8.91E-06
9.23E-06
9.52E-06
9.77E-06
9.96E-06
1.01E-05
1.02E-05
1.02E-05
1.02E-05
1.01E-05
9.97E-06
9.87E-06
9.82E-06
9.84E-06
9.93E-06
1.01E-05
1.03E-05
1.06E-05
1.09E-05
1.13E-05
1.19E-05
1.24E-05
1.30E-05
1.36E-05
1.41E-05
1.45E-05
1.49E-05
1.53E-05
1.56E-05
1.59E-05
1.60E-05
1.61E-05
1.62E-05
1.62E-05
1.63E-05
1.65E-05
1.68E-05
1.72E-05
1.77E-05
1.83E-05
1.88E-05
1.92E-05
1.97E-05
2.04E-05
2.12E-05
2.22E-05
2.34E-05
2.45E-05
2.55E-05
2.64E-05
2.71E-05
2.76E-05
2.80E-05
2.83E-05
2.86E-05
2.90E-05
2.93E-05
2.95E-05
2.97E-05
2.98E-05
3.01E-05
3.07E-05
3.17E-05
3.30E-05
3.46E-05
3.64E-05
3.84E-05
4.03E-05
4.24E-05
4.47E-05
4.74E-05
5.04E-05
5.39E-05
5.78E-05
6.20E-05
6.66E-05
7.15E-05
7.69E-05
8.26E-05
8.84E-05
9.43E-05
0.00010064408095
0.000107542529429
0.000115124259505
0.00012352017713
0.000132828164269
0.000143198413223
0.000155083633856
0.00016918589127
0.000185936361368
0.000205134396628
0.000226243761186
0.000249260912994
0.000275173254185
0.000305117494472
0.000339313814706
0.000376901999516
0.000416452948013
0.000456692075049
0.000496047060604
0.000532334584871
0.000564224456909
0.000592347461763
0.000618937973929
0.000645940962277
0.000674155124174
0.000705756123405
0.000745910852147
0.000800748061575
0.000874241775392
0.000968818243565
0.001087954680289
0.001233625290831
0.001402337730321
0.001588212462133
0.001791983673923
0.002024183478935
0.002290271917748
0.002572240961903
0.002834641503613
0.003061163453165
0.003278949290817
0.003532805570899
0.003840855179387
0.004212843382763
0.00471771073015
0.005472815746008
0.00654409510627
0.007927354474288
0.009694678053916
0.012170878990893
0.015993972916761
0.021990855026387
0.030925375311179
0.043268882882342
0.058972817522127
0.076642263560113
0.092182487148845
0.099561433470196
0.095256349948996
0.08159682718127
0.064335430806247
0.048208557418908
0.035216798363828
0.025464917000689
0.018459527066122
0.013633001853762
0.010405214188174
0.008238827158425
0.006731388832513
0.005638997488502
0.004839516267193
0.004279946641706
0.003916413261388
0.003675451318804
0.003462608963002
0.003209628229002
0.002911152612261
0.002599234748064
0.002294799250572
0.002003181039279
0.001736436543694
0.001511240382694
0.001330931892634
0.001185690024928
0.001065163043213
0.000963880684208
0.000878164186807
0.000802575182455
0.000729827510017
0.000654101427465
0.00057554188069
0.000500192125135
0.000434774835594
0.000381824693415
0.000339675286373
0.000305918486236
0.000279032579658
0.000257218635757
0.000237906575516
0.000219036900194
0.000199769335266
0.000180099966911
0.000160742909471
0.000143008177239
0.000128243222114
0.00011700266528
0.000108923108643
0.000103206463336
9.89E-05
9.54E-05
9.22E-05
8.92E-05
8.63E-05
8.33E-05
8.00E-05
7.65E-05
7.27E-05
6.88E-05
6.49E-05
6.12E-05
5.78E-05
5.48E-05
5.21E-05
4.96E-05
4.68E-05
4.38E-05
4.09E-05
3.84E-05
3.62E-05
3.45E-05
3.31E-05
3.20E-05
3.12E-05
3.04E-05
2.97E-05
2.90E-05
2.83E-05
2.79E-05
2.76E-05
2.74E-05
2.72E-05
2.71E-05
2.69E-05
2.64E-05
2.57E-05
2.48E-05
2.38E-05
2.27E-05
2.18E-05
2.08E-05
1.98E-05
1.89E-05
1.80E-05
1.72E-05
1.66E-05
1.62E-05
1.59E-05
1.56E-05
1.55E-05
1.54E-05
1.54E-05
1.55E-05
1.56E-05
1.57E-05
1.56E-05
1.55E-05
1.54E-05
1.52E-05
1.48E-05
1.44E-05
1.38E-05
1.33E-05
1.27E-05
1.20E-05
1.14E-05
1.07E-05
1.01E-05
9.65E-06
9.25E-06
8.98E-06
8.84E-06
8.80E-06
8.84E-06
8.93E-06
9.06E-06
9.21E-06
9.37E-06
9.52E-06
9.65E-06
9.74E-06
9.76E-06
9.71E-06
9.58E-06
9.41E-06
9.21E-06
8.96E-06
8.66E-06
8.30E-06
7.91E-06
7.52E-06
7.16E-06
6.87E-06
6.64E-06
6.47E-06
6.33E-06
6.23E-06
6.16E-06
6.14E-06
6.16E-06
6.22E-06
6.28E-06
6.34E-06
6.36E-06
6.35E-06
6.29E-06
6.21E-06
6.08E-06
0

