6.10E-06
6.21E-06
6.27E-06
6.34E-06
6.40E-06
6.45E-06
6.48E-06
6.49E-06
6.50E-06
6.54E-06
6.61E-06
6.69E-06
6.79E-06
6.91E-06
7.04E-06
7.19E-06
7.39E-06
7.62E-06
7.91E-06
8.25E-06
8.62E-06
9.00E-06
9.34E-06
9.61E-06
9.81E-06
9.94E-06
1.00E-05
1.00E-05
1.00E-05
1.00E-05
9.98E-06
9.90E-06
9.81E-06
9.71E-06
9.63E-06
9.64E-06
9.77E-06
1.00E-05
1.04E-05
1.08E-05
1.12E-05
1.17E-05
1.23E-05
1.29E-05
1.35E-05
1.40E-05
1.45E-05
1.49E-05
1.52E-05
1.54E-05
1.56E-05
1.58E-05
1.59E-05
1.60E-05
1.60E-05
1.60E-05
1.60E-05
1.62E-05
1.66E-05
1.71E-05
1.76E-05
1.82E-05
1.87E-05
1.92E-05
1.99E-05
2.07E-05
2.17E-05
2.29E-05
2.42E-05
2.54E-05
2.65E-05
2.73E-05
2.79E-05
2.84E-05
2.87E-05
2.89E-05
2.90E-05
2.92E-05
2.94E-05
2.96E-05
2.97E-05
2.98E-05
3.01E-05
3.08E-05
3.19E-05
3.35E-05
3.54E-05
3.74E-05
3.94E-05
4.13E-05
4.33E-05
4.55E-05
4.82E-05
5.13E-05
5.50E-05
5.90E-05
6.36E-05
6.84E-05
7.34E-05
7.85E-05
8.37E-05
8.89E-05
9.43E-05
0.000100262899234
0.00010704727435
0.000114722636825
0.000123281330433
0.000132692935657
0.000143072579743
0.000154940094753
0.000169081592084
0.00018593545623
0.000205239756876
0.000226490553038
0.000249825355786
0.000276212540763
0.00030648711185
0.000340521688559
0.000377406185873
0.000416124993916
0.000455903848648
0.000495370088459
0.000532215070687
0.00056459587871
0.000592617988442
0.000618440984083
0.000644223129383
0.000671375571274
0.000703000874566
0.000744308311421
0.000800226326064
0.000873847549065
0.000968563050175
0.001089198710013
0.001237580413888
0.001409051574908
0.001596406185958
0.001799932736721
0.002030771388892
0.002294767303703
0.002573775433873
0.002832594250749
0.003055725238837
0.003270319452985
0.003520368776882
0.003823900967812
0.004191962348136
0.004694607434086
0.005447196561491
0.00651326744319
0.007891040358291
0.009656664676832
0.012133871574772
0.015953182131398
0.021933785407046
0.030846004961402
0.043193396892055
0.058961326674
0.076741014612766
0.092367513441147
0.099757908569411
0.095410508387791
0.081693545027305
0.064377566832733
0.048211369510611
0.035197255101224
0.025429092818409
0.018410061379022
0.013578589118597
0.010353951538984
0.008193770691654
0.006694302965005
0.005610865835675
0.004818294149509
0.004261561275255
0.003898942941204
0.003661824291323
0.003457532421065
0.003213154765596
0.002918280082411
0.002605983418644
0.002300493012294
0.00200804469405
0.00174016575556
0.001513586155323
0.001332222588426
0.001186250174275
0.001064928506181
0.000962756641656
0.000876589612764
0.000801764148911
0.000731194309978
0.000658177622476
0.000581332460679
0.000505777975822
0.000438882008861
0.00038447707026
0.000341486846848
0.000307416351451
0.000280555688286
0.000258987933487
0.00023994792481
0.00022117341717
0.000201866409756
0.000182270618913
0.00016316484943
0.000145612881205
0.000130670644123
0.000118870827576
0.000110116596571
0.000103916335751
9.95E-05
9.59E-05
9.27E-05
8.97E-05
8.66E-05
8.33E-05
7.96E-05
7.57E-05
7.19E-05
6.80E-05
6.43E-05
6.06E-05
5.71E-05
5.39E-05
5.12E-05
4.86E-05
4.61E-05
4.35E-05
4.09E-05
3.86E-05
3.65E-05
3.47E-05
3.32E-05
3.20E-05
3.10E-05
3.02E-05
2.96E-05
2.90E-05
2.84E-05
2.78E-05
2.74E-05
2.70E-05
2.66E-05
2.64E-05
2.61E-05
2.58E-05
2.52E-05
2.43E-05
2.33E-05
2.23E-05
2.13E-05
2.05E-05
1.97E-05
1.89E-05
1.81E-05
1.75E-05
1.70E-05
1.66E-05
1.63E-05
1.61E-05
1.60E-05
1.60E-05
1.60E-05
1.60E-05
1.59E-05
1.58E-05
1.56E-05
1.53E-05
1.50E-05
1.47E-05
1.43E-05
1.40E-05
1.35E-05
1.30E-05
1.24E-05
1.19E-05
1.13E-05
1.08E-05
1.04E-05
1.01E-05
9.75E-06
9.49E-06
9.31E-06
9.22E-06
9.22E-06
9.27E-06
9.34E-06
9.43E-06
9.55E-06
9.67E-06
9.75E-06
9.80E-06
9.80E-06
9.71E-06
9.52E-06
9.27E-06
9.00E-06
8.72E-06
8.43E-06
8.12E-06
7.78E-06
7.44E-06
7.13E-06
6.87E-06
6.70E-06
6.60E-06
6.57E-06
6.57E-06
6.59E-06
6.62E-06
6.66E-06
6.68E-06
6.67E-06
6.62E-06
6.54E-06
6.46E-06
6.36E-06
6.26E-06
6.10E-06
0

