6.03E-06
6.18E-06
6.27E-06
6.36E-06
6.44E-06
6.53E-06
6.61E-06
6.67E-06
6.71E-06
6.77E-06
6.84E-06
6.94E-06
7.04E-06
7.14E-06
7.26E-06
7.39E-06
7.54E-06
7.74E-06
7.96E-06
8.21E-06
8.49E-06
8.79E-06
9.10E-06
9.40E-06
9.65E-06
9.82E-06
9.92E-06
9.99E-06
1.01E-05
1.01E-05
1.02E-05
1.02E-05
1.02E-05
1.02E-05
1.02E-05
1.03E-05
1.03E-05
1.05E-05
1.07E-05
1.10E-05
1.14E-05
1.19E-05
1.24E-05
1.29E-05
1.34E-05
1.38E-05
1.42E-05
1.45E-05
1.49E-05
1.52E-05
1.55E-05
1.58E-05
1.59E-05
1.60E-05
1.60E-05
1.61E-05
1.63E-05
1.66E-05
1.71E-05
1.78E-05
1.84E-05
1.88E-05
1.92E-05
1.96E-05
2.02E-05
2.10E-05
2.20E-05
2.31E-05
2.43E-05
2.53E-05
2.62E-05
2.70E-05
2.75E-05
2.80E-05
2.84E-05
2.87E-05
2.91E-05
2.94E-05
2.96E-05
2.97E-05
2.98E-05
3.00E-05
3.04E-05
3.12E-05
3.25E-05
3.41E-05
3.60E-05
3.80E-05
4.00E-05
4.20E-05
4.40E-05
4.63E-05
4.89E-05
5.20E-05
5.54E-05
5.93E-05
6.37E-05
6.84E-05
7.34E-05
7.87E-05
8.41E-05
8.96E-05
9.52E-05
0.000101340164364
0.000108362173154
0.000116363827531
0.000125232147152
0.000134855072481
0.000145434011479
0.000157529849638
0.000171749600635
0.000188345566098
0.000207080112356
0.000227720064088
0.00025076164308
0.00027730257197
0.000308060279453
0.000342734267193
0.000380109161216
0.000418834657361
0.000458014108778
0.000496595414367
0.000532870834528
0.000565166762549
0.000593423928427
0.000619505690393
0.000645036133158
0.000671417254054
0.00070256899
0.000744360824287
0.000801335625045
0.000875704362763
0.000970577771913
0.001090794601925
0.001238231551226
0.001408569927123
0.001594608723251
0.001796357454953
0.002024797360536
0.002285489099362
0.002560569196199
0.002816254776208
0.003038237033283
0.003253211739288
0.003503487388164
0.003805928793473
0.004172185797479
0.004673670089654
0.005424518847288
0.006485754511972
0.007857043709582
0.009618253116693
0.012092836765984
0.015903980368289
0.021861970550624
0.030744109973587
0.043092215939169
0.058933428896424
0.076843625913851
0.092575543113263
0.099987101814162
0.095598313169705
0.081817588872882
0.064436281636153
0.048219958195173
0.03517711261518
0.02539338818302
0.018366027232458
0.013534930935525
0.010317373125024
0.008165872647728
0.006673469391785
0.005593837877746
0.004801631321188
0.004243693730759
0.003881386352735
0.003648424033256
0.00345143180553
0.003213418745139
0.002920554367155
0.002607223913155
0.002300536940431
0.002007247334076
0.001738465429935
0.001511728543441
0.001331342551177
0.001185848238302
0.001063253336766
0.000959066502037
0.000871960232309
0.000797855883225
0.000729219718455
0.000658584818707
0.000583566269072
0.000508645814236
0.000441349447285
0.000386108401316
0.000342364818149
0.00030771982062
0.000280316362198
0.000258258386651
0.000238940357594
0.000220260809809
0.000201478581314
0.000182628697698
0.000164178762562
0.000147014874999
0.000132140436888
0.000120190830408
0.000111169453911
0.000104616843588
9.98E-05
9.61E-05
9.28E-05
8.97E-05
8.67E-05
8.35E-05
8.00E-05
7.65E-05
7.30E-05
6.94E-05
6.58E-05
6.19E-05
5.82E-05
5.48E-05
5.19E-05
4.92E-05
4.67E-05
4.41E-05
4.14E-05
3.88E-05
3.66E-05
3.47E-05
3.31E-05
3.20E-05
3.10E-05
3.02E-05
2.94E-05
2.86E-05
2.80E-05
2.75E-05
2.71E-05
2.69E-05
2.67E-05
2.66E-05
2.64E-05
2.60E-05
2.54E-05
2.46E-05
2.36E-05
2.26E-05
2.17E-05
2.09E-05
2.01E-05
1.93E-05
1.85E-05
1.78E-05
1.72E-05
1.67E-05
1.63E-05
1.60E-05
1.58E-05
1.56E-05
1.55E-05
1.55E-05
1.54E-05
1.54E-05
1.53E-05
1.52E-05
1.50E-05
1.48E-05
1.46E-05
1.42E-05
1.38E-05
1.33E-05
1.28E-05
1.22E-05
1.17E-05
1.11E-05
1.06E-05
1.02E-05
9.72E-06
9.35E-06
9.08E-06
8.95E-06
8.96E-06
9.05E-06
9.19E-06
9.35E-06
9.50E-06
9.62E-06
9.70E-06
9.73E-06
9.69E-06
9.59E-06
9.44E-06
9.24E-06
9.02E-06
8.79E-06
8.53E-06
8.24E-06
7.93E-06
7.61E-06
7.30E-06
7.02E-06
6.79E-06
6.64E-06
6.54E-06
6.49E-06
6.46E-06
6.42E-06
6.39E-06
6.37E-06
6.35E-06
6.30E-06
6.22E-06
6.13E-06
6.03E-06
5.94E-06
5.82E-06
0

