6.12E-06
6.25E-06
6.35E-06
6.47E-06
6.60E-06
6.73E-06
6.83E-06
6.88E-06
6.89E-06
6.91E-06
6.97E-06
7.04E-06
7.12E-06
7.20E-06
7.28E-06
7.39E-06
7.53E-06
7.70E-06
7.93E-06
8.19E-06
8.48E-06
8.77E-06
9.06E-06
9.32E-06
9.54E-06
9.72E-06
9.86E-06
9.96E-06
1.00E-05
1.01E-05
1.01E-05
1.01E-05
1.01E-05
1.01E-05
1.01E-05
1.02E-05
1.03E-05
1.05E-05
1.07E-05
1.10E-05
1.14E-05
1.18E-05
1.24E-05
1.29E-05
1.34E-05
1.39E-05
1.42E-05
1.44E-05
1.47E-05
1.50E-05
1.53E-05
1.56E-05
1.58E-05
1.59E-05
1.60E-05
1.60E-05
1.63E-05
1.67E-05
1.73E-05
1.79E-05
1.84E-05
1.89E-05
1.92E-05
1.96E-05
2.01E-05
2.09E-05
2.18E-05
2.27E-05
2.37E-05
2.46E-05
2.55E-05
2.62E-05
2.68E-05
2.73E-05
2.77E-05
2.82E-05
2.86E-05
2.90E-05
2.93E-05
2.95E-05
2.96E-05
2.99E-05
3.04E-05
3.13E-05
3.24E-05
3.38E-05
3.55E-05
3.73E-05
3.92E-05
4.10E-05
4.31E-05
4.54E-05
4.81E-05
5.12E-05
5.47E-05
5.86E-05
6.29E-05
6.77E-05
7.27E-05
7.80E-05
8.33E-05
8.84E-05
9.38E-05
9.98E-05
0.000106741707736
0.000114594393928
0.000123225546708
0.000132481845064
0.00014265438384
0.000154578085785
0.000169035580539
0.000186095466232
0.000205138791768
0.000225798305042
0.000248730477822
0.000275007268365
0.000305161507137
0.000339042593121
0.000375809858716
0.000414150179149
0.00045271940003
0.000490083678777
0.000524570768208
0.000555044927645
0.000582332075979
0.000608620979579
0.000635209453941
0.000663110613129
0.000695727838104
0.000738519748395
0.000796049744819
0.000870858313591
0.000966300219396
0.001087140797835
0.001235464366431
0.001407308668797
0.001595001614685
0.00179772835287
0.002025874427297
0.002284338447366
0.002555613854423
0.002808386713959
0.003030284947593
0.003246388566461
0.003494699297424
0.003789646883056
0.004146961595719
0.004644638309708
0.005396936382145
0.006460624315104
0.007835576845992
0.009605733924866
0.012096037813647
0.015925154959527
0.021895540433312
0.030790802081813
0.043190206189357
0.059152166276872
0.07720011804638
0.092959192942085
0.100237227659584
0.095657609107426
0.081742016143321
0.064298394198275
0.048066294314406
0.035030101135264
0.025260637473972
0.018250583840577
0.013440697940134
0.010245796081546
0.008115587061517
0.006641280631191
0.005573934609094
0.004787240275492
0.004230378281859
0.003868668273633
0.003638444983951
0.003445944046902
0.003212006818624
0.002920730243653
0.002606599187962
0.002298206117279
0.002003079410345
0.001732577333016
0.001505253687507
0.001326091171198
0.001182301521607
0.001060220592945
0.000955474735634
0.000868026525504
0.0007944897126
0.000727537224694
0.000659769358287
0.000588061739796
0.000515581294202
0.000448960570111
0.000392909957016
0.000347864847208
0.000311973763779
0.000283420222562
0.000260423606405
0.000240605234472
0.000221804517
0.000202926323314
0.000183667198819
0.000164426572942
0.000146244169496
0.000130316417539
0.000117528723777
0.000108028453391
0.00010130256836
9.66E-05
9.30E-05
8.99E-05
8.70E-05
8.42E-05
8.14E-05
7.85E-05
7.54E-05
7.21E-05
6.87E-05
6.52E-05
6.15E-05
5.80E-05
5.49E-05
5.21E-05
4.97E-05
4.73E-05
4.46E-05
4.18E-05
3.92E-05
3.68E-05
3.48E-05
3.31E-05
3.17E-05
3.05E-05
2.96E-05
2.90E-05
2.84E-05
2.80E-05
2.77E-05
2.74E-05
2.71E-05
2.69E-05
2.67E-05
2.64E-05
2.62E-05
2.57E-05
2.51E-05
2.42E-05
2.32E-05
2.23E-05
2.14E-05
2.05E-05
1.96E-05
1.87E-05
1.79E-05
1.72E-05
1.67E-05
1.63E-05
1.60E-05
1.57E-05
1.54E-05
1.53E-05
1.52E-05
1.52E-05
1.52E-05
1.52E-05
1.51E-05
1.50E-05
1.48E-05
1.47E-05
1.45E-05
1.42E-05
1.37E-05
1.32E-05
1.26E-05
1.21E-05
1.15E-05
1.10E-05
1.06E-05
1.01E-05
9.70E-06
9.34E-06
9.09E-06
8.98E-06
8.99E-06
9.08E-06
9.20E-06
9.30E-06
9.36E-06
9.39E-06
9.41E-06
9.45E-06
9.46E-06
9.42E-06
9.30E-06
9.13E-06
8.91E-06
8.65E-06
8.37E-06
8.07E-06
7.76E-06
7.47E-06
7.22E-06
7.01E-06
6.83E-06
6.69E-06
6.57E-06
6.49E-06
6.45E-06
6.43E-06
6.43E-06
6.40E-06
6.35E-06
6.25E-06
6.12E-06
5.98E-06
5.88E-06
5.78E-06
0

