5.96E-06
6.11E-06
6.22E-06
6.34E-06
6.47E-06
6.58E-06
6.68E-06
6.75E-06
6.81E-06
6.87E-06
6.94E-06
7.03E-06
7.13E-06
7.25E-06
7.41E-06
7.59E-06
7.81E-06
8.06E-06
8.31E-06
8.56E-06
8.80E-06
9.02E-06
9.22E-06
9.37E-06
9.48E-06
9.54E-06
9.59E-06
9.65E-06
9.72E-06
9.79E-06
9.84E-06
9.89E-06
9.94E-06
1.00E-05
1.02E-05
1.04E-05
1.07E-05
1.10E-05
1.13E-05
1.16E-05
1.20E-05
1.25E-05
1.31E-05
1.35E-05
1.39E-05
1.41E-05
1.43E-05
1.45E-05
1.48E-05
1.50E-05
1.52E-05
1.53E-05
1.54E-05
1.54E-05
1.55E-05
1.57E-05
1.61E-05
1.66E-05
1.72E-05
1.78E-05
1.84E-05
1.90E-05
1.94E-05
2.00E-05
2.07E-05
2.15E-05
2.25E-05
2.35E-05
2.44E-05
2.53E-05
2.61E-05
2.67E-05
2.71E-05
2.73E-05
2.75E-05
2.78E-05
2.81E-05
2.85E-05
2.87E-05
2.89E-05
2.90E-05
2.93E-05
2.99E-05
3.08E-05
3.22E-05
3.38E-05
3.56E-05
3.76E-05
3.95E-05
4.14E-05
4.36E-05
4.61E-05
4.90E-05
5.22E-05
5.57E-05
5.94E-05
6.33E-05
6.77E-05
7.25E-05
7.75E-05
8.27E-05
8.80E-05
9.37E-05
0.000100060367212
0.000107189121979
0.000115192015045
0.000123995529893
0.000133514981746
0.000144029160559
0.000156271879122
0.000170896886014
0.000187899352346
0.000206706457344
0.000227095416446
0.000249942756617
0.000276425020067
0.000306931193964
0.000341066848517
0.000377939327489
0.000416475785572
0.00045551687215
0.000493456804339
0.000528270762085
0.000558792200686
0.000586051623392
0.000612218211984
0.000638685922421
0.000666834311548
0.000699872922223
0.000742666917428
0.000799684083553
0.000873960079522
0.000968963162879
0.001089374699997
0.001237945181205
0.001411216820539
0.001600822020836
0.001804745019887
0.002032235065102
0.002287185354491
0.002552385955265
0.002799133923589
0.003018041420359
0.003234627870379
0.003483794678098
0.003776884463837
0.004131428121307
0.004628721828966
0.005381560403641
0.006443275938024
0.007814863018364
0.009584621375694
0.012077736861959
0.015905194798219
0.021859064303438
0.03072824822821
0.043129569558642
0.05915982653184
0.077316292301621
0.093137723409629
0.100392794542466
0.095754897386065
0.081790605041833
0.064307109479064
0.048040044775292
0.034978329946465
0.025193679447002
0.018178207299376
0.013373692429302
0.010192101072746
0.008077498335021
0.006615960001226
0.005555386860461
0.004769378249247
0.004210245617003
0.003847655307941
0.00362042838136
0.003434543837919
0.003209254014623
0.002925508558642
0.00261527507673
0.002307743406756
0.002011934323545
0.00173969181202
0.001510673379937
0.001331345402582
0.001188454129624
0.00106685223528
0.000961524064393
0.000872792632527
0.000798132131874
0.000731065348488
0.000664468689775
0.000594528043946
0.000523091048207
0.000455888862577
0.00039784390707
0.000350234321601
0.000312017516937
0.000281912276162
0.000258430252758
0.000239303360546
0.000221925644186
0.000204474614354
0.000186279370457
0.00016769988187
0.000149788246354
0.000133719654697
0.000120479438884
0.000110412950174
0.000103173540097
9.81E-05
9.43E-05
9.10E-05
8.79E-05
8.49E-05
8.19E-05
7.89E-05
7.58E-05
7.26E-05
6.93E-05
6.59E-05
6.25E-05
5.92E-05
5.62E-05
5.34E-05
5.08E-05
4.81E-05
4.53E-05
4.24E-05
3.97E-05
3.73E-05
3.54E-05
3.37E-05
3.24E-05
3.12E-05
3.03E-05
2.95E-05
2.88E-05
2.82E-05
2.76E-05
2.71E-05
2.67E-05
2.64E-05
2.61E-05
2.59E-05
2.57E-05
2.54E-05
2.48E-05
2.41E-05
2.32E-05
2.24E-05
2.16E-05
2.08E-05
2.00E-05
1.91E-05
1.83E-05
1.76E-05
1.70E-05
1.66E-05
1.62E-05
1.59E-05
1.57E-05
1.56E-05
1.54E-05
1.53E-05
1.52E-05
1.51E-05
1.50E-05
1.48E-05
1.47E-05
1.45E-05
1.43E-05
1.40E-05
1.36E-05
1.32E-05
1.28E-05
1.23E-05
1.18E-05
1.12E-05
1.08E-05
1.03E-05
9.94E-06
9.61E-06
9.35E-06
9.19E-06
9.10E-06
9.08E-06
9.10E-06
9.13E-06
9.18E-06
9.23E-06
9.27E-06
9.30E-06
9.29E-06
9.26E-06
9.19E-06
9.09E-06
8.95E-06
8.78E-06
8.58E-06
8.35E-06
8.10E-06
7.82E-06
7.55E-06
7.28E-06
7.05E-06
6.87E-06
6.73E-06
6.62E-06
6.53E-06
6.44E-06
6.36E-06
6.26E-06
6.16E-06
6.07E-06
5.98E-06
5.91E-06
5.85E-06
5.77E-06
0

