5.95E-06
6.03E-06
6.11E-06
6.19E-06
6.28E-06
6.36E-06
6.44E-06
6.55E-06
6.70E-06
6.89E-06
7.09E-06
7.28E-06
7.44E-06
7.58E-06
7.72E-06
7.89E-06
8.11E-06
8.33E-06
8.55E-06
8.74E-06
8.93E-06
9.11E-06
9.27E-06
9.39E-06
9.45E-06
9.48E-06
9.49E-06
9.48E-06
9.48E-06
9.50E-06
9.52E-06
9.57E-06
9.66E-06
9.81E-06
1.00E-05
1.03E-05
1.06E-05
1.10E-05
1.15E-05
1.19E-05
1.24E-05
1.29E-05
1.34E-05
1.37E-05
1.40E-05
1.42E-05
1.44E-05
1.46E-05
1.48E-05
1.50E-05
1.52E-05
1.53E-05
1.54E-05
1.54E-05
1.56E-05
1.58E-05
1.62E-05
1.67E-05
1.72E-05
1.78E-05
1.84E-05
1.90E-05
1.95E-05
2.02E-05
2.09E-05
2.19E-05
2.29E-05
2.40E-05
2.50E-05
2.58E-05
2.65E-05
2.69E-05
2.72E-05
2.74E-05
2.76E-05
2.78E-05
2.81E-05
2.82E-05
2.83E-05
2.84E-05
2.87E-05
2.92E-05
3.00E-05
3.12E-05
3.28E-05
3.45E-05
3.65E-05
3.84E-05
4.03E-05
4.22E-05
4.42E-05
4.66E-05
4.94E-05
5.25E-05
5.59E-05
5.96E-05
6.38E-05
6.83E-05
7.29E-05
7.77E-05
8.25E-05
8.76E-05
9.32E-05
9.94E-05
0.000106219247179
0.000113680149178
0.000121937971048
0.000131241460824
0.000142038803027
0.000154894914464
0.000170160835552
0.000187706668863
0.000207030394961
0.00022799350166
0.000251519753766
0.000278848710145
0.000310291483815
0.000345037023315
0.000381775050243
0.000419615574674
0.000457883751817
0.000495114374992
0.000529205424462
0.000559117639402
0.000585933770796
0.000611621566806
0.000637657898891
0.000665831902576
0.000699309192501
0.000742251139435
0.000798689659367
0.000872269746092
0.000967111787594
0.001087808332693
0.001236835036631
0.001410537470921
0.001600759625068
0.001806365215315
0.002036860090235
0.002294451524937
0.002559593732137
0.002803858474913
0.003020358691177
0.00323540705662
0.003480841385988
0.003764999981748
0.004108086252247
0.004595691721925
0.00534091009583
0.006396020366645
0.007762918289319
0.00953167150262
0.01202699648065
0.015853772986838
0.021792855596095
0.030637270946423
0.043046118666024
0.05915945358788
0.077445364507729
0.09334883000446
0.100594807413182
0.095908109105064
0.081903509345195
0.064384906878344
0.048077946679339
0.034977289473023
0.025162510650404
0.018129184950463
0.013320014244126
0.010144203250943
0.008040960344052
0.006591091307594
0.005538265092351
0.004754357666227
0.004193545875005
0.00382996363303
0.003605121532341
0.003424311733431
0.003205350710611
0.002926600915993
0.002617704356543
0.00230897819125
0.002011626080352
0.001737529743475
0.001506181996267
0.001325545392587
0.001183098733932
0.001062447229721
0.000957200386985
0.000867867921847
0.000793258807072
0.000727569979356
0.000663151746212
0.000595112706375
0.00052448798128
0.000457164977488
0.000398870140901
0.000351404549416
0.000313539827908
0.000283504286572
0.000259724938606
0.000240297563869
0.000222837237309
0.000205518886224
0.000187638158274
0.000169392505429
0.00015161231419
0.000135413073555
0.000121829816427
0.000111249593349
0.00010341851467
9.78E-05
9.36E-05
9.02E-05
8.71E-05
8.42E-05
8.15E-05
7.87E-05
7.55E-05
7.20E-05
6.85E-05
6.51E-05
6.19E-05
5.88E-05
5.58E-05
5.31E-05
5.07E-05
4.84E-05
4.59E-05
4.32E-05
4.05E-05
3.80E-05
3.59E-05
3.40E-05
3.25E-05
3.13E-05
3.03E-05
2.94E-05
2.86E-05
2.78E-05
2.71E-05
2.66E-05
2.62E-05
2.60E-05
2.59E-05
2.57E-05
2.55E-05
2.52E-05
2.48E-05
2.43E-05
2.35E-05
2.28E-05
2.20E-05
2.12E-05
2.04E-05
1.95E-05
1.86E-05
1.78E-05
1.71E-05
1.66E-05
1.62E-05
1.58E-05
1.54E-05
1.52E-05
1.50E-05
1.49E-05
1.48E-05
1.47E-05
1.45E-05
1.44E-05
1.43E-05
1.43E-05
1.41E-05
1.40E-05
1.37E-05
1.34E-05
1.30E-05
1.26E-05
1.22E-05
1.17E-05
1.13E-05
1.09E-05
1.05E-05
1.01E-05
9.77E-06
9.47E-06
9.24E-06
9.08E-06
9.00E-06
8.97E-06
8.99E-06
9.04E-06
9.10E-06
9.15E-06
9.19E-06
9.20E-06
9.16E-06
9.07E-06
8.94E-06
8.79E-06
8.61E-06
8.41E-06
8.17E-06
7.90E-06
7.63E-06
7.38E-06
7.17E-06
6.99E-06
6.84E-06
6.69E-06
6.56E-06
6.46E-06
6.37E-06
6.28E-06
6.19E-06
6.10E-06
6.03E-06
5.97E-06
5.92E-06
5.86E-06
0

