0
6.55E-06
6.64E-06
6.73E-06
6.83E-06
6.95E-06
7.07E-06
7.17E-06
7.25E-06
7.31E-06
7.36E-06
7.39E-06
7.43E-06
7.47E-06
7.53E-06
7.61E-06
7.71E-06
7.86E-06
8.05E-06
8.30E-06
8.59E-06
8.90E-06
9.24E-06
9.57E-06
9.87E-06
1.01E-05
1.03E-05
1.04E-05
1.04E-05
1.03E-05
1.02E-05
1.02E-05
1.02E-05
1.02E-05
1.01E-05
1.01E-05
1.02E-05
1.04E-05
1.06E-05
1.09E-05
1.13E-05
1.17E-05
1.21E-05
1.26E-05
1.32E-05
1.37E-05
1.41E-05
1.45E-05
1.49E-05
1.52E-05
1.55E-05
1.58E-05
1.61E-05
1.64E-05
1.67E-05
1.69E-05
1.71E-05
1.73E-05
1.76E-05
1.80E-05
1.86E-05
1.92E-05
1.97E-05
2.01E-05
2.05E-05
2.08E-05
2.14E-05
2.22E-05
2.33E-05
2.44E-05
2.55E-05
2.64E-05
2.71E-05
2.77E-05
2.81E-05
2.85E-05
2.88E-05
2.91E-05
2.96E-05
3.01E-05
3.07E-05
3.14E-05
3.22E-05
3.30E-05
3.41E-05
3.53E-05
3.66E-05
3.81E-05
3.99E-05
4.21E-05
4.50E-05
4.83E-05
5.20E-05
5.60E-05
6.05E-05
6.55E-05
7.10E-05
7.70E-05
8.32E-05
8.96E-05
9.61E-05
1.03E-04
0.000110745781398
0.000118884328927
0.000127310741309
0.000136145004732
0.000146000204064
0.000157724186288
0.000171916591769
0.000188724024799
0.000208088701022
0.000230130226493
0.000255260637035
0.000283722929048
0.000315236769204
0.000349185771688
0.000384236609691
0.000417868322182
0.000447471307255
0.000471782009063
0.000491786603484
0.000510455325853
0.00053089101599
0.000554501195531
0.000581424520701
0.000613203011658
0.000653761465367
0.000706899895536
0.000774036880125
0.000855626782218
0.000953448620069
0.001068629218841
0.001197566591606
0.001333367579924
0.00147344669433
0.001623553227702
0.001787859978545
0.00195685133637
0.002114250600642
0.002256216971854
0.002396810375736
0.002557689348927
0.002764397506812
0.003042937486973
0.003401994192906
0.003833508830629
0.00434980772352
0.005011554634882
0.005886477455502
0.006991251549923
0.008340147281439
0.010076614699922
0.012564601776025
0.01638785048278
0.022223690783203
0.030523868165174
0.041397151057831
0.054907062422071
0.070559510852906
0.08567084557259
0.095103376502229
0.094429326312521
0.083863179299849
0.067875411818305
0.05148622807864
0.037796908103948
0.027647961876826
0.020487539995382
0.015443381487888
0.011841598538486
0.00924394852394
0.007368959146599
0.006027225791631
0.005069260370712
0.004366319553358
0.00383041047131
0.003417298734665
0.003104995756442
0.002868116122532
0.002667423642042
0.002468431869873
0.002256216002974
0.002028767196641
0.001789608616965
0.001555285641098
0.001351978150508
0.001191163118188
0.001061240487994
0.000943833831713
0.000830102651845
0.000722095491522
0.000626088481889
0.000546641715889
0.000483439169048
0.000432971741896
0.000391645646639
0.000356530262444
0.000325199886775
0.00029609928396
0.000268709380993
0.000243110919535
0.00021932824062
0.000197250056302
0.000177110072494
0.000159455357219
0.000144564249382
0.000132188406967
0.000121818861491
0.000113159804566
0.000106085135576
0.000100479156483
9.62E-05
9.28E-05
8.96E-05
8.61E-05
8.23E-05
7.82E-05
7.43E-05
7.08E-05
6.77E-05
6.47E-05
6.18E-05
5.88E-05
5.58E-05
5.30E-05
5.05E-05
4.82E-05
4.60E-05
4.36E-05
4.13E-05
3.91E-05
3.72E-05
3.54E-05
3.37E-05
3.21E-05
3.07E-05
2.95E-05
2.85E-05
2.78E-05
2.74E-05
2.72E-05
2.71E-05
2.70E-05
2.68E-05
2.66E-05
2.62E-05
2.58E-05
2.54E-05
2.47E-05
2.39E-05
2.30E-05
2.21E-05
2.11E-05
2.02E-05
1.94E-05
1.86E-05
1.80E-05
1.75E-05
1.71E-05
1.68E-05
1.64E-05
1.60E-05
1.57E-05
1.54E-05
1.53E-05
1.52E-05
1.51E-05
1.50E-05
1.48E-05
1.46E-05
1.44E-05
1.42E-05
1.39E-05
1.35E-05
1.31E-05
1.26E-05
1.20E-05
1.14E-05
1.09E-05
1.03E-05
9.85E-06
9.46E-06
9.14E-06
8.91E-06
8.76E-06
8.69E-06
8.70E-06
8.77E-06
8.91E-06
9.09E-06
9.27E-06
9.46E-06
9.60E-06
9.66E-06
9.63E-06
9.51E-06
9.33E-06
9.09E-06
8.84E-06
8.58E-06
8.29E-06
7.99E-06
7.68E-06
7.39E-06
7.13E-06
6.91E-06
6.75E-06
6.66E-06
6.64E-06
6.64E-06
6.65E-06
6.63E-06
6.58E-06
6.53E-06
6.51E-06
6.50E-06
6.49E-06
6.47E-06
6.42E-06
6.35E-06
6.24E-06

