6.11E-06
6.25E-06
6.36E-06
6.45E-06
6.52E-06
6.57E-06
6.63E-06
6.71E-06
6.83E-06
6.97E-06
7.11E-06
7.24E-06
7.37E-06
7.50E-06
7.64E-06
7.82E-06
8.03E-06
8.24E-06
8.42E-06
8.59E-06
8.76E-06
8.95E-06
9.14E-06
9.30E-06
9.42E-06
9.51E-06
9.58E-06
9.64E-06
9.69E-06
9.75E-06
9.82E-06
9.93E-06
1.01E-05
1.02E-05
1.05E-05
1.07E-05
1.10E-05
1.14E-05
1.18E-05
1.22E-05
1.26E-05
1.30E-05
1.34E-05
1.37E-05
1.40E-05
1.42E-05
1.44E-05
1.46E-05
1.49E-05
1.52E-05
1.54E-05
1.56E-05
1.57E-05
1.57E-05
1.58E-05
1.60E-05
1.65E-05
1.70E-05
1.77E-05
1.84E-05
1.89E-05
1.93E-05
1.97E-05
2.03E-05
2.12E-05
2.22E-05
2.32E-05
2.43E-05
2.53E-05
2.61E-05
2.67E-05
2.72E-05
2.76E-05
2.77E-05
2.78E-05
2.80E-05
2.82E-05
2.85E-05
2.88E-05
2.90E-05
2.92E-05
2.95E-05
3.03E-05
3.15E-05
3.31E-05
3.50E-05
3.70E-05
3.89E-05
4.07E-05
4.25E-05
4.46E-05
4.71E-05
5.00E-05
5.32E-05
5.68E-05
6.07E-05
6.49E-05
6.94E-05
7.40E-05
7.88E-05
8.36E-05
8.87E-05
9.43E-05
0.000100668508638
0.000107809089939
0.000115661404837
0.000124190379933
0.000133575662517
0.000144291757322
0.000156960300118
0.000172011341345
0.00018936391709
0.000208522038291
0.000229296315222
0.000252449891594
0.000279105717464
0.000309657380033
0.000343578079695
0.000379866650192
0.000417777692202
0.000456308440395
0.000493442125107
0.00052718552851
0.000557016587173
0.000583981904259
0.000609656223052
0.000635535475522
0.000663909511712
0.000698327136532
0.000742737633425
0.000800414521201
0.000874441702668
0.000969243739464
0.001090069110588
0.00123953907783
0.001413245046385
0.001602243909395
0.001806023103322
0.002035277017998
0.002291804677249
0.002554425878904
0.002794814425994
0.003008550503143
0.003223109086289
0.003467294389672
0.003746029580172
0.004081975127339
0.004565036824008
0.005308560119414
0.006364100305749
0.007735346373697
0.009515125722411
0.012026054162881
0.015862105376362
0.021789606497167
0.03060773474348
0.043023461426516
0.059221508138549
0.077628012103799
0.09357678000157
0.100754262315182
0.095966547167803
0.081899499279675
0.064353504855849
0.0480307370295
0.034918432888141
0.02509811928206
0.01806515037343
0.013260242444543
0.010091643793752
0.007998416396058
0.006559334721616
0.005514662029655
0.004733848311998
0.00417191762794
0.003807256723339
0.003585286792021
0.00341174651252
0.003202680510867
0.002932868961357
0.002628370273083
0.002319625678881
0.002020419991905
0.001743738051144
0.00150910805521
0.001325682979168
0.001182242506012
0.001062078623459
0.000957405559122
0.000867948780386
0.000793205076702
0.000728533312325
0.000666331153301
0.000600565467674
0.000531055150025
0.00046338318489
0.000403948982022
0.000355352100727
0.000316413588405
0.000285159876937
0.00026036658666
0.000240579337664
0.000223453362932
0.000206823041581
0.000189587224823
0.000171814719549
0.000154353675041
0.000138255963624
0.000124397201229
0.000113209708289
0.000104770343012
9.88E-05
9.45E-05
9.11E-05
8.81E-05
8.53E-05
8.26E-05
7.99E-05
7.69E-05
7.38E-05
7.06E-05
6.72E-05
6.38E-05
6.03E-05
5.69E-05
5.39E-05
5.12E-05
4.88E-05
4.62E-05
4.35E-05
4.07E-05
3.82E-05
3.60E-05
3.41E-05
3.26E-05
3.14E-05
3.04E-05
2.95E-05
2.87E-05
2.80E-05
2.74E-05
2.69E-05
2.66E-05
2.63E-05
2.61E-05
2.59E-05
2.57E-05
2.55E-05
2.51E-05
2.45E-05
2.37E-05
2.29E-05
2.21E-05
2.13E-05
2.05E-05
1.96E-05
1.87E-05
1.79E-05
1.72E-05
1.67E-05
1.64E-05
1.61E-05
1.58E-05
1.55E-05
1.53E-05
1.52E-05
1.52E-05
1.52E-05
1.52E-05
1.51E-05
1.50E-05
1.48E-05
1.46E-05
1.43E-05
1.39E-05
1.35E-05
1.31E-05
1.26E-05
1.21E-05
1.16E-05
1.12E-05
1.07E-05
1.03E-05
9.92E-06
9.58E-06
9.31E-06
9.12E-06
9.04E-06
9.04E-06
9.08E-06
9.15E-06
9.20E-06
9.23E-06
9.21E-06
9.16E-06
9.10E-06
9.03E-06
8.93E-06
8.80E-06
8.66E-06
8.53E-06
8.39E-06
8.21E-06
8.01E-06
7.80E-06
7.60E-06
7.40E-06
7.20E-06
7.04E-06
6.89E-06
6.77E-06
6.65E-06
6.53E-06
6.41E-06
6.29E-06
6.16E-06
6.05E-06
5.96E-06
5.90E-06
5.82E-06
0

