0
6.60E-06
6.77E-06
6.87E-06
6.95E-06
7.01E-06
7.09E-06
7.20E-06
7.30E-06
7.38E-06
7.42E-06
7.42E-06
7.40E-06
7.39E-06
7.40E-06
7.45E-06
7.57E-06
7.76E-06
8.01E-06
8.29E-06
8.59E-06
8.91E-06
9.22E-06
9.53E-06
9.82E-06
1.01E-05
1.02E-05
1.03E-05
1.04E-05
1.04E-05
1.04E-05
1.04E-05
1.04E-05
1.04E-05
1.04E-05
1.04E-05
1.05E-05
1.06E-05
1.08E-05
1.10E-05
1.13E-05
1.17E-05
1.22E-05
1.27E-05
1.32E-05
1.37E-05
1.41E-05
1.44E-05
1.48E-05
1.51E-05
1.54E-05
1.57E-05
1.60E-05
1.62E-05
1.65E-05
1.68E-05
1.71E-05
1.75E-05
1.80E-05
1.85E-05
1.91E-05
1.95E-05
1.99E-05
2.02E-05
2.05E-05
2.11E-05
2.19E-05
2.29E-05
2.39E-05
2.49E-05
2.57E-05
2.64E-05
2.71E-05
2.76E-05
2.81E-05
2.85E-05
2.88E-05
2.91E-05
2.94E-05
2.99E-05
3.07E-05
3.16E-05
3.27E-05
3.38E-05
3.49E-05
3.59E-05
3.69E-05
3.81E-05
3.97E-05
4.20E-05
4.48E-05
4.83E-05
5.21E-05
5.63E-05
6.09E-05
6.60E-05
7.16E-05
7.76E-05
8.37E-05
9.01E-05
9.67E-05
1.04E-04
0.000111437638972
0.000119595161074
0.000127968635419
0.000136692582327
0.000146513880872
0.000158403148321
0.000172918028206
0.000190027407342
0.000209533112241
0.000231641328829
0.00025699464382
0.00028584530983
0.000317656982849
0.000351515481758
0.000385951505265
0.000418490585352
0.000446587113766
0.00046916205385
0.000487613780768
0.000505407912014
0.000525825057443
0.000549974505512
0.000577772922017
0.000610781740129
0.000652821595987
0.000707494816325
0.000776177016279
0.000859593336245
0.000959414873641
0.001075871837585
0.001204460260908
0.001338370589545
0.001476510418755
0.001625786084819
0.001789423239703
0.001956329548
0.002110411010865
0.002249289876053
0.002388128327958
0.002549431250904
0.002758923050405
0.00304016998011
0.0033989218316
0.0038292416478
0.004348390917831
0.005015937815321
0.005893203721256
0.006994696568889
0.008339831651133
0.010078520354197
0.012576634202523
0.016416814833849
0.022272765337322
0.030587650279806
0.04146325724882
0.054952030155678
0.070535628156809
0.085537828034518
0.094894484120595
0.094249524346904
0.083787942892094
0.067892149586641
0.051542728037762
0.037858181846673
0.027707418534985
0.020545189902183
0.015493463794713
0.011877733331438
0.009266302822335
0.007382205568584
0.006034840160189
0.00507231678623
0.004364362377471
0.003822444921781
0.003403707331132
0.003088324114141
0.002851200168593
0.002651974286848
0.002455942569178
0.002248715327428
0.002027432823711
0.001792782482159
0.001559339006508
0.001354167096263
0.001191383845473
0.001061232037134
0.000945263639909
0.000833327259392
0.000726318584891
0.000630339600562
0.00055044762911
0.000486739211944
0.000435805008967
0.000394108807663
0.000358852295454
0.000327570022945
0.000298354166547
0.00027057395997
0.00024457422466
0.000220469076697
0.000198006144892
0.000177434975012
0.000159460323784
0.000144345136391
0.000131738566202
0.000121129031212
0.000112258689678
0.000105037233291
9.94E-05
9.53E-05
9.23E-05
8.96E-05
8.65E-05
8.29E-05
7.91E-05
7.53E-05
7.17E-05
6.85E-05
6.55E-05
6.26E-05
5.96E-05
5.66E-05
5.37E-05
5.09E-05
4.85E-05
4.61E-05
4.38E-05
4.15E-05
3.93E-05
3.72E-05
3.53E-05
3.36E-05
3.20E-05
3.06E-05
2.94E-05
2.84E-05
2.77E-05
2.73E-05
2.70E-05
2.69E-05
2.68E-05
2.67E-05
2.65E-05
2.61E-05
2.57E-05
2.51E-05
2.44E-05
2.36E-05
2.27E-05
2.18E-05
2.09E-05
2.00E-05
1.92E-05
1.85E-05
1.78E-05
1.72E-05
1.69E-05
1.66E-05
1.64E-05
1.61E-05
1.58E-05
1.55E-05
1.53E-05
1.51E-05
1.51E-05
1.50E-05
1.49E-05
1.49E-05
1.47E-05
1.46E-05
1.43E-05
1.39E-05
1.35E-05
1.30E-05
1.24E-05
1.18E-05
1.11E-05
1.06E-05
1.00E-05
9.58E-06
9.20E-06
8.91E-06
8.72E-06
8.64E-06
8.65E-06
8.73E-06
8.85E-06
9.00E-06
9.16E-06
9.34E-06
9.51E-06
9.65E-06
9.72E-06
9.67E-06
9.53E-06
9.31E-06
9.06E-06
8.79E-06
8.50E-06
8.19E-06
7.88E-06
7.57E-06
7.29E-06
7.06E-06
6.89E-06
6.77E-06
6.69E-06
6.64E-06
6.60E-06
6.55E-06
6.50E-06
6.46E-06
6.43E-06
6.40E-06
6.37E-06
6.35E-06
6.33E-06
6.31E-06
6.24E-06

