5.84E-06
5.99E-06
6.13E-06
6.25E-06
6.36E-06
6.46E-06
6.57E-06
6.70E-06
6.86E-06
7.01E-06
7.14E-06
7.25E-06
7.37E-06
7.51E-06
7.69E-06
7.91E-06
8.16E-06
8.41E-06
8.65E-06
8.87E-06
9.06E-06
9.22E-06
9.33E-06
9.42E-06
9.51E-06
9.59E-06
9.68E-06
9.76E-06
9.82E-06
9.86E-06
9.87E-06
9.87E-06
9.91E-06
1.00E-05
1.02E-05
1.05E-05
1.08E-05
1.12E-05
1.16E-05
1.21E-05
1.26E-05
1.30E-05
1.34E-05
1.37E-05
1.40E-05
1.43E-05
1.45E-05
1.48E-05
1.50E-05
1.52E-05
1.53E-05
1.54E-05
1.54E-05
1.55E-05
1.58E-05
1.61E-05
1.67E-05
1.73E-05
1.79E-05
1.84E-05
1.88E-05
1.92E-05
1.97E-05
2.05E-05
2.14E-05
2.24E-05
2.34E-05
2.44E-05
2.53E-05
2.60E-05
2.67E-05
2.72E-05
2.76E-05
2.80E-05
2.84E-05
2.88E-05
2.92E-05
2.93E-05
2.94E-05
2.94E-05
2.95E-05
3.00E-05
3.08E-05
3.20E-05
3.36E-05
3.54E-05
3.74E-05
3.93E-05
4.11E-05
4.29E-05
4.49E-05
4.73E-05
5.01E-05
5.34E-05
5.70E-05
6.10E-05
6.51E-05
6.95E-05
7.41E-05
7.87E-05
8.34E-05
8.83E-05
9.37E-05
9.98E-05
0.000106764340251
0.000114430558075
0.000122835792032
0.000132263713239
0.000143218950393
0.000156263921445
0.000171805817669
0.000189715678238
0.000209408464407
0.000230698959633
0.000254344827362
0.000281256993072
0.000311546762876
0.000344748353499
0.000380480040912
0.000418626528359
0.000458010866765
0.000495789521031
0.000529476864108
0.000558701801027
0.000585169240481
0.000611098310517
0.000637877297366
0.000667121745104
0.000701922181583
0.000746406426343
0.000804119137891
0.000878028405497
0.000972653663895
0.001093439241298
0.001242591641917
0.0014149110329
0.001601341553809
0.001802820777137
0.002031718833166
0.002289293173705
0.002551955391364
0.002790475429735
0.003001983447264
0.003214668454208
0.003455564897455
0.003728392924904
0.004058527758665
0.004538583466451
0.005281973254398
0.006340192088447
0.007716610382832
0.009502114851924
0.012014477945704
0.015838432333137
0.021729030410693
0.030495575072923
0.042899538593733
0.059177243857347
0.077719387048995
0.093754960373398
0.100924688430877
0.096091741396386
0.081994279186634
0.064427353172355
0.048076491533822
0.034931243526585
0.025081746891754
0.018026973645872
0.013209527475416
0.010038870097775
0.007953052282402
0.006527246329126
0.005495907339956
0.004722180329753
0.004159091877066
0.003789470998115
0.003565525040491
0.003396428199403
0.003196586919488
0.002936381551077
0.002638085090149
0.002331469846391
0.00203184654106
0.001752978311611
0.001514681066499
0.001327687826075
0.00118266544848
0.001062939608047
0.00095917199048
0.000869743509947
0.00079406115298
0.000728671601779
0.000666898733007
0.000602227072407
0.000533375922264
0.000465476281841
0.00040551457755
0.000356731500514
0.000317772382301
0.000286279682368
0.000261097931225
0.00024098823339
0.000223717477833
0.000207142870425
0.000190162871439
0.000172763800731
0.000155613597421
0.000139591071083
0.000125447747957
0.000113731255395
0.000104758426973
9.84E-05
9.38E-05
9.02E-05
8.69E-05
8.39E-05
8.11E-05
7.84E-05
7.57E-05
7.27E-05
6.97E-05
6.65E-05
6.31E-05
5.96E-05
5.61E-05
5.30E-05
5.05E-05
4.82E-05
4.60E-05
4.36E-05
4.09E-05
3.83E-05
3.60E-05
3.41E-05
3.25E-05
3.13E-05
3.03E-05
2.94E-05
2.87E-05
2.79E-05
2.71E-05
2.65E-05
2.60E-05
2.58E-05
2.56E-05
2.56E-05
2.55E-05
2.53E-05
2.50E-05
2.44E-05
2.36E-05
2.27E-05
2.18E-05
2.10E-05
2.03E-05
1.96E-05
1.89E-05
1.81E-05
1.74E-05
1.69E-05
1.64E-05
1.60E-05
1.57E-05
1.54E-05
1.52E-05
1.50E-05
1.50E-05
1.49E-05
1.48E-05
1.46E-05
1.45E-05
1.43E-05
1.42E-05
1.40E-05
1.37E-05
1.34E-05
1.30E-05
1.26E-05
1.21E-05
1.16E-05
1.12E-05
1.08E-05
1.04E-05
1.01E-05
9.81E-06
9.57E-06
9.40E-06
9.32E-06
9.30E-06
9.32E-06
9.33E-06
9.32E-06
9.29E-06
9.24E-06
9.18E-06
9.11E-06
9.04E-06
8.95E-06
8.82E-06
8.67E-06
8.52E-06
8.38E-06
8.23E-06
8.08E-06
7.91E-06
7.71E-06
7.49E-06
7.26E-06
7.07E-06
6.91E-06
6.80E-06
6.72E-06
6.65E-06
6.56E-06
6.44E-06
6.30E-06
6.15E-06
6.01E-06
5.88E-06
5.72E-06
0

