0
6.57E-06
6.71E-06
6.80E-06
6.89E-06
6.95E-06
7.02E-06
7.09E-06
7.17E-06
7.26E-06
7.35E-06
7.44E-06
7.52E-06
7.58E-06
7.62E-06
7.66E-06
7.73E-06
7.86E-06
8.05E-06
8.30E-06
8.58E-06
8.87E-06
9.16E-06
9.42E-06
9.65E-06
9.85E-06
9.99E-06
1.01E-05
1.01E-05
1.02E-05
1.02E-05
1.03E-05
1.03E-05
1.04E-05
1.04E-05
1.05E-05
1.07E-05
1.08E-05
1.10E-05
1.13E-05
1.16E-05
1.20E-05
1.24E-05
1.29E-05
1.34E-05
1.38E-05
1.41E-05
1.45E-05
1.48E-05
1.52E-05
1.56E-05
1.58E-05
1.61E-05
1.62E-05
1.64E-05
1.66E-05
1.70E-05
1.74E-05
1.80E-05
1.85E-05
1.91E-05
1.96E-05
2.01E-05
2.05E-05
2.09E-05
2.15E-05
2.22E-05
2.32E-05
2.41E-05
2.50E-05
2.58E-05
2.65E-05
2.70E-05
2.75E-05
2.79E-05
2.82E-05
2.85E-05
2.89E-05
2.94E-05
3.02E-05
3.11E-05
3.22E-05
3.32E-05
3.42E-05
3.51E-05
3.61E-05
3.70E-05
3.82E-05
3.99E-05
4.23E-05
4.52E-05
4.87E-05
5.25E-05
5.66E-05
6.12E-05
6.63E-05
7.20E-05
7.79E-05
8.41E-05
9.04E-05
9.70E-05
1.04E-04
0.00011196537315
0.000120232258619
0.000128634643081
0.000137342044166
0.000147215487992
0.000159290525962
0.000174081273228
0.000191505030499
0.000211480762478
0.000234386399244
0.000260727071098
0.000290362632538
0.000322533584688
0.000356308110652
0.000390228229333
0.000422045316931
0.000449546029695
0.000471733234522
0.000489907900838
0.000507513792465
0.000527781016975
0.000551887617341
0.000580190830705
0.000614453740938
0.000657939786568
0.000713623918866
0.000782856008601
0.000866747947984
0.000967087537313
0.001083597154179
0.001211306038079
0.001344102521724
0.001482550461119
0.001633524570121
0.001797915068503
0.001962851308549
0.002112869177501
0.002247656328037
0.002384267811117
0.002546331253958
0.002758497721069
0.003039962892939
0.003393096031072
0.003815597358655
0.004332002249277
0.0050026229263
0.005882723428496
0.006983105339312
0.008326251542995
0.010068027936202
0.012576618328465
0.016432138932927
0.022300579495732
0.03061413953714
0.041471118425177
0.054920644656737
0.070429495029264
0.085338057690156
0.094660055402918
0.094097787319076
0.083779625793178
0.067986678944551
0.051666048777317
0.037966117591612
0.02779570078134
0.020622041849514
0.015559779756986
0.011928184302625
0.009298259324492
0.007397960402357
0.006038340399638
0.005068124658056
0.004356120325032
0.003810490174668
0.003387077632248
0.003068284890917
0.002831353793001
0.002635701332556
0.002445114015871
0.002244475603641
0.002030128356294
0.001800805111379
0.001569367278561
0.001362974826231
0.001197712372229
0.001065763575581
0.000949008452957
0.000836660215934
0.000729322391741
0.000632859789679
0.000552179448266
0.000487684784202
0.000436138033155
0.000393835921929
0.000358169211357
0.000327054690046
0.000298314627287
0.000270800920131
0.00024482769731
0.000220753346589
0.000198413472513
0.000177969808025
0.000160048359978
0.000144863644992
0.000132064097536
0.000121247440959
0.000112257586846
0.00010500113753
9.93E-05
9.50E-05
9.17E-05
8.88E-05
8.55E-05
8.19E-05
7.81E-05
7.44E-05
7.08E-05
6.75E-05
6.47E-05
6.20E-05
5.92E-05
5.63E-05
5.35E-05
5.09E-05
4.85E-05
4.62E-05
4.40E-05
4.17E-05
3.96E-05
3.76E-05
3.57E-05
3.40E-05
3.24E-05
3.10E-05
2.98E-05
2.87E-05
2.78E-05
2.72E-05
2.68E-05
2.66E-05
2.66E-05
2.65E-05
2.64E-05
2.63E-05
2.60E-05
2.55E-05
2.49E-05
2.41E-05
2.32E-05
2.23E-05
2.14E-05
2.05E-05
1.97E-05
1.89E-05
1.82E-05
1.75E-05
1.71E-05
1.68E-05
1.65E-05
1.63E-05
1.60E-05
1.57E-05
1.55E-05
1.53E-05
1.52E-05
1.51E-05
1.50E-05
1.48E-05
1.46E-05
1.44E-05
1.42E-05
1.38E-05
1.34E-05
1.30E-05
1.24E-05
1.19E-05
1.13E-05
1.07E-05
1.02E-05
9.80E-06
9.44E-06
9.18E-06
9.01E-06
8.93E-06
8.91E-06
8.95E-06
9.03E-06
9.15E-06
9.29E-06
9.45E-06
9.56E-06
9.62E-06
9.59E-06
9.51E-06
9.38E-06
9.20E-06
8.99E-06
8.74E-06
8.47E-06
8.17E-06
7.88E-06
7.59E-06
7.34E-06
7.13E-06
6.97E-06
6.86E-06
6.80E-06
6.78E-06
6.77E-06
6.74E-06
6.69E-06
6.63E-06
6.58E-06
6.55E-06
6.51E-06
6.47E-06
6.40E-06
6.33E-06
6.20E-06

