0
6.54E-06
6.68E-06
6.79E-06
6.92E-06
7.05E-06
7.19E-06
7.32E-06
7.43E-06
7.51E-06
7.57E-06
7.62E-06
7.68E-06
7.73E-06
7.79E-06
7.85E-06
7.93E-06
8.04E-06
8.20E-06
8.40E-06
8.63E-06
8.89E-06
9.15E-06
9.42E-06
9.67E-06
9.89E-06
1.01E-05
1.02E-05
1.02E-05
1.02E-05
1.03E-05
1.04E-05
1.04E-05
1.05E-05
1.05E-05
1.06E-05
1.07E-05
1.09E-05
1.12E-05
1.15E-05
1.19E-05
1.23E-05
1.27E-05
1.31E-05
1.35E-05
1.39E-05
1.42E-05
1.46E-05
1.50E-05
1.53E-05
1.55E-05
1.57E-05
1.59E-05
1.62E-05
1.65E-05
1.68E-05
1.72E-05
1.76E-05
1.80E-05
1.86E-05
1.91E-05
1.97E-05
2.02E-05
2.05E-05
2.10E-05
2.15E-05
2.23E-05
2.33E-05
2.43E-05
2.53E-05
2.60E-05
2.66E-05
2.71E-05
2.75E-05
2.79E-05
2.83E-05
2.87E-05
2.92E-05
2.97E-05
3.04E-05
3.12E-05
3.21E-05
3.31E-05
3.41E-05
3.52E-05
3.62E-05
3.72E-05
3.85E-05
4.03E-05
4.27E-05
4.57E-05
4.93E-05
5.32E-05
5.76E-05
6.22E-05
6.73E-05
7.28E-05
7.87E-05
8.47E-05
9.09E-05
9.75E-05
1.05E-04
0.000112472219842
0.000120522799535
0.000128789481236
0.000137614305566
0.000147792893767
0.000160208113991
0.000175231797684
0.000192727334093
0.000212727071522
0.000235776224059
0.000262360396561
0.00029226333496
0.00032480925512
0.000358906536495
0.000392469071688
0.000422865996275
0.000448196401604
0.0004683130432
0.000485412063529
0.000503057367506
0.000523656188516
0.000547775104203
0.000576135315158
0.000610982041667
0.000655573699688
0.000712638974175
0.000783147673041
0.000868221513414
0.000970186519663
0.00108865036251
0.001217683310494
0.001350958401308
0.00148994444568
0.001641265220237
0.001803932029909
0.001964151720976
0.002107556185435
0.002235916582206
0.002368643417859
0.002531568666647
0.002749372751409
0.003036960549819
0.003391721278547
0.003812322811579
0.004328995492117
0.005003629301202
0.005886813299031
0.006986412511413
0.008328647752641
0.010076195389651
0.012600497137686
0.016479849410675
0.022373017127769
0.030701467974095
0.041559133238577
0.054986115787234
0.070422011219971
0.085211059564059
0.094442649653899
0.093896964071037
0.08367707222827
0.067976564782988
0.051699451471498
0.038006570224314
0.027834692112269
0.020660973474432
0.015595474010034
0.011955000985183
0.00931535970896
0.007408210911562
0.006043673030744
0.005070156268589
0.004356502886879
0.003808679698029
0.003381315565653
0.003058422606888
0.002819526224243
0.002624725397585
0.0024368817209
0.002240150200004
0.002030570196066
0.001805970887897
0.001577463853459
0.001371058083758
0.00120401199418
0.001070519172447
0.000952947780506
0.000840026777798
0.000732235897304
0.000635239766595
0.000553899569599
0.000489104741001
0.000437715045035
0.000395366868667
0.000359165610642
0.000327566691979
0.000298915695236
0.000271994874692
0.000246633754087
0.000222824477812
0.000200359457037
0.000179562725229
0.000161262578397
0.000145789557115
0.00013280400984
0.0001218844885
0.000112862241633
0.000105642172972
1.00E-04
9.56E-05
9.23E-05
8.93E-05
8.62E-05
8.27E-05
7.89E-05
7.53E-05
7.19E-05
6.87E-05
6.57E-05
6.28E-05
5.99E-05
5.69E-05
5.39E-05
5.11E-05
4.85E-05
4.62E-05
4.40E-05
4.19E-05
3.99E-05
3.79E-05
3.60E-05
3.42E-05
3.25E-05
3.10E-05
2.97E-05
2.86E-05
2.78E-05
2.72E-05
2.69E-05
2.67E-05
2.66E-05
2.65E-05
2.63E-05
2.60E-05
2.56E-05
2.52E-05
2.46E-05
2.39E-05
2.31E-05
2.22E-05
2.13E-05
2.05E-05
1.96E-05
1.88E-05
1.81E-05
1.75E-05
1.70E-05
1.67E-05
1.65E-05
1.63E-05
1.61E-05
1.58E-05
1.56E-05
1.54E-05
1.53E-05
1.52E-05
1.51E-05
1.49E-05
1.47E-05
1.45E-05
1.42E-05
1.39E-05
1.35E-05
1.30E-05
1.24E-05
1.18E-05
1.13E-05
1.08E-05
1.03E-05
9.92E-06
9.56E-06
9.26E-06
9.05E-06
8.93E-06
8.91E-06
8.98E-06
9.10E-06
9.24E-06
9.37E-06
9.48E-06
9.57E-06
9.63E-06
9.63E-06
9.54E-06
9.37E-06
9.14E-06
8.88E-06
8.62E-06
8.35E-06
8.09E-06
7.83E-06
7.59E-06
7.38E-06
7.21E-06
7.08E-06
7.01E-06
6.97E-06
6.94E-06
6.93E-06
6.93E-06
6.91E-06
6.85E-06
6.77E-06
6.68E-06
6.58E-06
6.48E-06
6.36E-06
6.26E-06
6.13E-06

