0
6.63E-06
6.76E-06
6.87E-06
6.98E-06
7.10E-06
7.22E-06
7.34E-06
7.46E-06
7.56E-06
7.61E-06
7.63E-06
7.63E-06
7.63E-06
7.66E-06
7.74E-06
7.87E-06
8.05E-06
8.25E-06
8.46E-06
8.69E-06
8.94E-06
9.21E-06
9.49E-06
9.73E-06
9.92E-06
1.00E-05
1.01E-05
1.01E-05
1.02E-05
1.03E-05
1.03E-05
1.04E-05
1.04E-05
1.04E-05
1.05E-05
1.06E-05
1.08E-05
1.11E-05
1.14E-05
1.19E-05
1.23E-05
1.28E-05
1.32E-05
1.36E-05
1.40E-05
1.44E-05
1.47E-05
1.50E-05
1.54E-05
1.57E-05
1.60E-05
1.63E-05
1.65E-05
1.68E-05
1.71E-05
1.74E-05
1.78E-05
1.83E-05
1.88E-05
1.93E-05
1.97E-05
2.00E-05
2.05E-05
2.11E-05
2.18E-05
2.27E-05
2.37E-05
2.47E-05
2.54E-05
2.61E-05
2.67E-05
2.73E-05
2.78E-05
2.82E-05
2.84E-05
2.87E-05
2.92E-05
2.98E-05
3.07E-05
3.17E-05
3.28E-05
3.38E-05
3.47E-05
3.56E-05
3.65E-05
3.75E-05
3.89E-05
4.08E-05
4.34E-05
4.64E-05
4.98E-05
5.35E-05
5.77E-05
6.23E-05
6.76E-05
7.32E-05
7.92E-05
8.52E-05
9.15E-05
9.82E-05
1.06E-04
0.00011325530813
0.000121262410917
0.000129623463247
0.000138797878292
0.000149503111534
0.000162398540147
0.000177757438992
0.000195553921327
0.000215890509899
0.000239157151891
0.000265626519834
0.000295182001343
0.00032755899941
0.000361861957692
0.00039572827096
0.000426107992032
0.00045084387265
0.000470049275875
0.000486570122165
0.000504191678802
0.000524962168143
0.000549218555437
0.000577907490975
0.000613619420328
0.000659797578949
0.000718872893691
0.00079109557774
0.000877312372076
0.000980242384073
0.001099439328641
0.001228275597306
0.00136021546217
0.00149740419839
0.001646876813957
0.001806961568885
0.001963122573176
0.002101246852771
0.002224474052631
0.002354351077947
0.002518531726107
0.002741314152888
0.00303356121913
0.003388385061816
0.003805434280564
0.004320335046772
0.004997668723918
0.005884233140412
0.006983338348912
0.008322082349719
0.010068052009265
0.012596035392033
0.016484314587676
0.022386185935336
0.030714190491681
0.041559712098937
0.054956053647078
0.070323724383283
0.085022933603604
0.094219471821822
0.093750167429745
0.083666569157249
0.06806855429785
0.05182704467052
0.038125039058135
0.027932342549526
0.02073979483838
0.015655950354034
0.011995977729546
0.00933944884241
0.007420098755525
0.006046438182201
0.005067003044871
0.004350800499206
0.003800880867614
0.00336984742332
0.003042921251889
0.002802297067294
0.00260924865177
0.002425286498408
0.00223313161118
0.002028728865634
0.001809556531794
0.001584606678588
0.001378506419452
0.001210221448982
0.001075828841535
0.000957582303584
0.000843750928252
0.00073511215221
0.000637296919418
0.000554898051339
0.00048914253145
0.000437310014774
0.000394870473898
0.000358597580414
0.000326970133282
0.000298588309127
0.000272214323781
0.000247305194206
0.000223723534187
0.000201480697421
0.000181019698717
0.000163061064431
0.000147801984667
0.000134838170728
0.000123683326882
0.000114136308777
0.000106298850771
1.00E-04
9.56E-05
9.22E-05
8.93E-05
8.63E-05
8.29E-05
7.91E-05
7.53E-05
7.17E-05
6.84E-05
6.55E-05
6.28E-05
6.01E-05
5.72E-05
5.43E-05
5.15E-05
4.89E-05
4.66E-05
4.44E-05
4.23E-05
4.03E-05
3.83E-05
3.65E-05
3.47E-05
3.29E-05
3.14E-05
3.00E-05
2.89E-05
2.80E-05
2.74E-05
2.69E-05
2.66E-05
2.64E-05
2.63E-05
2.61E-05
2.59E-05
2.56E-05
2.53E-05
2.49E-05
2.44E-05
2.36E-05
2.27E-05
2.17E-05
2.08E-05
2.00E-05
1.92E-05
1.83E-05
1.76E-05
1.71E-05
1.67E-05
1.65E-05
1.63E-05
1.61E-05
1.59E-05
1.57E-05
1.55E-05
1.53E-05
1.51E-05
1.49E-05
1.47E-05
1.45E-05
1.42E-05
1.40E-05
1.38E-05
1.35E-05
1.30E-05
1.25E-05
1.20E-05
1.14E-05
1.09E-05
1.04E-05
9.98E-06
9.63E-06
9.34E-06
9.13E-06
9.00E-06
8.97E-06
9.04E-06
9.16E-06
9.28E-06
9.36E-06
9.40E-06
9.40E-06
9.39E-06
9.35E-06
9.28E-06
9.17E-06
9.02E-06
8.81E-06
8.55E-06
8.27E-06
8.00E-06
7.76E-06
7.54E-06
7.35E-06
7.20E-06
7.08E-06
7.00E-06
6.93E-06
6.89E-06
6.85E-06
6.83E-06
6.81E-06
6.78E-06
6.73E-06
6.66E-06
6.59E-06
6.52E-06
6.47E-06
6.42E-06
6.34E-06

