0
6.61E-06
6.80E-06
6.94E-06
7.06E-06
7.15E-06
7.23E-06
7.31E-06
7.41E-06
7.51E-06
7.59E-06
7.65E-06
7.67E-06
7.68E-06
7.71E-06
7.77E-06
7.88E-06
8.01E-06
8.17E-06
8.34E-06
8.55E-06
8.80E-06
9.09E-06
9.37E-06
9.61E-06
9.82E-06
9.99E-06
1.01E-05
1.03E-05
1.03E-05
1.03E-05
1.03E-05
1.03E-05
1.03E-05
1.05E-05
1.06E-05
1.09E-05
1.11E-05
1.14E-05
1.17E-05
1.21E-05
1.25E-05
1.29E-05
1.34E-05
1.38E-05
1.42E-05
1.45E-05
1.48E-05
1.51E-05
1.54E-05
1.57E-05
1.59E-05
1.62E-05
1.64E-05
1.67E-05
1.70E-05
1.74E-05
1.79E-05
1.85E-05
1.90E-05
1.95E-05
1.98E-05
2.02E-05
2.06E-05
2.11E-05
2.19E-05
2.29E-05
2.39E-05
2.48E-05
2.56E-05
2.63E-05
2.69E-05
2.74E-05
2.79E-05
2.83E-05
2.87E-05
2.91E-05
2.96E-05
3.02E-05
3.10E-05
3.20E-05
3.30E-05
3.41E-05
3.51E-05
3.60E-05
3.68E-05
3.76E-05
3.89E-05
4.09E-05
4.36E-05
4.68E-05
5.05E-05
5.45E-05
5.88E-05
6.36E-05
6.89E-05
7.44E-05
8.01E-05
8.61E-05
9.23E-05
9.90E-05
1.06E-04
0.000113835470274
0.00012172498207
0.000129992180123
0.000139160756023
0.000150002096047
0.00016308486828
0.000178583858035
0.000196528146301
0.000217113909845
0.000240658375132
0.000267211289075
0.000296534464976
0.000328370380301
0.000361834477582
0.000394620431547
0.000423806399102
0.000447410030123
0.000465881980108
0.000482292360831
0.000500128615532
0.000521078214058
0.000545533386125
0.000574775964974
0.000611658270877
0.000659542296067
0.000720466387263
0.000794468952859
0.000882519801762
0.000987117143733
0.001107028737225
0.00123556265237
0.001367100496508
0.001504218662037
0.001653143848978
0.001810609541799
0.001961580277591
0.00209387134989
0.002213570954261
0.00234381277056
0.002511350508078
0.002738323755864
0.003033272779615
0.003387905778328
0.003803349199516
0.004318709052179
0.004999751646724
0.005889713893741
0.006988469108771
0.008325272421501
0.010074118180284
0.012614140179238
0.016522590404798
0.02244408710792
0.030779309807603
0.041618515858964
0.054991339185002
0.070294773381781
0.084892051804738
0.094018345386128
0.093579230525725
0.083595793496464
0.068083398080142
0.051875605810445
0.038171036742224
0.027969200965051
0.020773593513419
0.015688961535802
0.012025039623041
0.009362198338978
0.007436185003731
0.006055737206295
0.00507096597511
0.004351603320908
0.003798082891671
0.003362102335497
0.00303154428141
0.002791058530908
0.002600864277825
0.00241929840021
0.002228301753871
0.002025585415378
0.001809566490626
0.001587529201519
0.001382381144047
0.001213884989882
0.001079327026029
0.000961128586911
0.00084739526775
0.000738909102645
0.000641228627128
0.000558701382021
0.00049264918486
0.000440727290736
0.000398477287124
0.000362248237002
0.000330170899896
0.000301076085538
0.000274092799841
0.000248782175211
0.000224960541962
0.000202519204525
0.000181765721291
0.0001633658709
0.000147649244036
0.000134405682071
0.000123175073511
0.00011362013426
0.000105730030237
9.95E-05
9.49E-05
9.16E-05
8.89E-05
8.63E-05
8.32E-05
7.97E-05
7.60E-05
7.22E-05
6.86E-05
6.55E-05
6.26E-05
5.98E-05
5.69E-05
5.40E-05
5.12E-05
4.86E-05
4.63E-05
4.42E-05
4.21E-05
4.00E-05
3.80E-05
3.63E-05
3.46E-05
3.30E-05
3.16E-05
3.02E-05
2.91E-05
2.81E-05
2.74E-05
2.69E-05
2.67E-05
2.66E-05
2.65E-05
2.63E-05
2.60E-05
2.55E-05
2.50E-05
2.44E-05
2.38E-05
2.31E-05
2.23E-05
2.14E-05
2.05E-05
1.97E-05
1.89E-05
1.82E-05
1.76E-05
1.71E-05
1.68E-05
1.66E-05
1.65E-05
1.63E-05
1.60E-05
1.57E-05
1.54E-05
1.53E-05
1.51E-05
1.50E-05
1.49E-05
1.46E-05
1.44E-05
1.41E-05
1.38E-05
1.34E-05
1.30E-05
1.26E-05
1.21E-05
1.16E-05
1.11E-05
1.07E-05
1.03E-05
9.91E-06
9.63E-06
9.40E-06
9.23E-06
9.10E-06
9.04E-06
9.03E-06
9.07E-06
9.15E-06
9.25E-06
9.33E-06
9.37E-06
9.36E-06
9.32E-06
9.25E-06
9.14E-06
8.99E-06
8.79E-06
8.55E-06
8.29E-06
8.03E-06
7.78E-06
7.57E-06
7.39E-06
7.25E-06
7.15E-06
7.10E-06
7.08E-06
7.06E-06
7.03E-06
6.96E-06
6.88E-06
6.80E-06
6.72E-06
6.67E-06
6.62E-06
6.55E-06
6.45E-06
6.29E-06

