0
6.60E-06
6.78E-06
6.91E-06
7.03E-06
7.13E-06
7.24E-06
7.34E-06
7.44E-06
7.55E-06
7.64E-06
7.71E-06
7.74E-06
7.76E-06
7.79E-06
7.87E-06
7.99E-06
8.15E-06
8.35E-06
8.57E-06
8.81E-06
9.06E-06
9.32E-06
9.57E-06
9.78E-06
9.92E-06
1.00E-05
1.01E-05
1.01E-05
1.02E-05
1.02E-05
1.03E-05
1.03E-05
1.04E-05
1.05E-05
1.07E-05
1.09E-05
1.11E-05
1.15E-05
1.19E-05
1.23E-05
1.27E-05
1.32E-05
1.35E-05
1.39E-05
1.42E-05
1.45E-05
1.48E-05
1.51E-05
1.53E-05
1.55E-05
1.57E-05
1.59E-05
1.61E-05
1.64E-05
1.68E-05
1.73E-05
1.77E-05
1.81E-05
1.86E-05
1.91E-05
1.96E-05
2.00E-05
2.05E-05
2.12E-05
2.20E-05
2.31E-05
2.42E-05
2.51E-05
2.58E-05
2.64E-05
2.69E-05
2.74E-05
2.79E-05
2.83E-05
2.86E-05
2.89E-05
2.94E-05
3.01E-05
3.10E-05
3.20E-05
3.30E-05
3.39E-05
3.48E-05
3.56E-05
3.64E-05
3.75E-05
3.90E-05
4.10E-05
4.36E-05
4.69E-05
5.07E-05
5.49E-05
5.95E-05
6.44E-05
6.97E-05
7.51E-05
8.07E-05
8.65E-05
9.28E-05
9.96E-05
1.07E-04
0.000114679900441
0.000122500521603
0.000130659550382
0.00013990751406
0.000151117560543
0.000164706852594
0.000180606269723
0.000198773759075
0.000219598216173
0.000243663180487
0.00027102028281
0.000301075330188
0.000333039183059
0.000365726982575
0.000397078934117
0.000424846848206
0.000447784216608
0.000466666811018
0.000484196519547
0.000503063713841
0.000524424410563
0.000548710109798
0.000577718937761
0.000614921903101
0.000663529022616
0.000724799941517
0.000798889489446
0.000887614901769
0.000993233770795
0.001113222273331
0.001240767959682
0.001371704093116
0.001509589383266
0.001659847954998
0.001816858916975
0.001963894080423
0.002090321460966
0.002205858018435
0.002335864264352
0.002505953497287
0.00273551745087
0.003030951306167
0.003382992729992
0.003794347127995
0.004307955152666
0.004992168633542
0.005887737317959
0.006989934871325
0.00832775525398
0.010079419790772
0.012626792788488
0.016545303711647
0.022471815985271
0.030797922454486
0.041613421792627
0.054943848224546
0.070171164422941
0.084678916176304
0.09378083112939
0.093434178726448
0.083598146940059
0.068188849041299
0.052009926859752
0.038288769760384
0.028062441639966
0.020848379358462
0.015747272051379
0.012065307256587
0.009386857582192
0.007450521551982
0.006063107304266
0.005073563336518
0.004351419880672
0.00379490342129
0.003354147581233
0.003018228553009
0.002774396545502
0.002584138663446
0.002404890030767
0.002217863913084
0.002020689853303
0.001810606363991
0.001592330528679
0.001387594602875
0.00121767467016
0.001081687966855
0.000962950834579
0.000849374559395
0.000740843384897
0.000642437257684
0.000558593182531
0.000491102386293
0.000438172125114
0.000395641532922
0.000359675546917
0.000328011104795
0.000299380567552
0.00027297275072
0.000248319154347
0.000225180177715
0.00020339799561
0.000183146073168
0.000165013597303
0.000149519682924
0.000136623901885
0.000125741873616
0.000116267738338
0.000108081001525
1.01E-04
9.62E-05
9.24E-05
8.95E-05
8.67E-05
8.36E-05
8.00E-05
7.62E-05
7.25E-05
6.89E-05
6.56E-05
6.27E-05
5.98E-05
5.70E-05
5.42E-05
5.14E-05
4.89E-05
4.67E-05
4.48E-05
4.28E-05
4.09E-05
3.89E-05
3.71E-05
3.53E-05
3.35E-05
3.18E-05
3.03E-05
2.91E-05
2.81E-05
2.74E-05
2.69E-05
2.66E-05
2.63E-05
2.61E-05
2.60E-05
2.57E-05
2.54E-05
2.50E-05
2.46E-05
2.40E-05
2.34E-05
2.26E-05
2.18E-05
2.10E-05
2.02E-05
1.95E-05
1.88E-05
1.82E-05
1.76E-05
1.73E-05
1.70E-05
1.68E-05
1.65E-05
1.61E-05
1.58E-05
1.54E-05
1.52E-05
1.51E-05
1.49E-05
1.47E-05
1.44E-05
1.41E-05
1.38E-05
1.35E-05
1.32E-05
1.29E-05
1.25E-05
1.21E-05
1.16E-05
1.11E-05
1.07E-05
1.03E-05
9.94E-06
9.70E-06
9.53E-06
9.39E-06
9.28E-06
9.19E-06
9.13E-06
9.12E-06
9.16E-06
9.20E-06
9.20E-06
9.15E-06
9.08E-06
8.99E-06
8.89E-06
8.77E-06
8.61E-06
8.41E-06
8.16E-06
7.89E-06
7.66E-06
7.47E-06
7.31E-06
7.18E-06
7.09E-06
7.04E-06
7.02E-06
7.03E-06
7.04E-06
7.03E-06
7.00E-06
6.96E-06
6.90E-06
6.82E-06
6.72E-06
6.60E-06
6.46E-06
6.34E-06
6.19E-06

