0
6.41E-06
6.60E-06
6.75E-06
6.90E-06
7.07E-06
7.24E-06
7.43E-06
7.61E-06
7.75E-06
7.82E-06
7.84E-06
7.83E-06
7.85E-06
7.94E-06
8.08E-06
8.26E-06
8.44E-06
8.60E-06
8.73E-06
8.87E-06
9.05E-06
9.25E-06
9.44E-06
9.60E-06
9.70E-06
9.77E-06
9.80E-06
9.79E-06
9.78E-06
9.79E-06
9.83E-06
9.91E-06
1.01E-05
1.03E-05
1.05E-05
1.08E-05
1.11E-05
1.16E-05
1.21E-05
1.26E-05
1.31E-05
1.35E-05
1.38E-05
1.41E-05
1.43E-05
1.46E-05
1.48E-05
1.51E-05
1.53E-05
1.55E-05
1.57E-05
1.59E-05
1.61E-05
1.64E-05
1.67E-05
1.71E-05
1.76E-05
1.82E-05
1.87E-05
1.91E-05
1.95E-05
1.98E-05
2.04E-05
2.12E-05
2.21E-05
2.31E-05
2.40E-05
2.48E-05
2.54E-05
2.60E-05
2.65E-05
2.70E-05
2.74E-05
2.77E-05
2.80E-05
2.83E-05
2.87E-05
2.94E-05
3.01E-05
3.09E-05
3.18E-05
3.27E-05
3.37E-05
3.46E-05
3.56E-05
3.68E-05
3.85E-05
4.08E-05
4.37E-05
4.71E-05
5.09E-05
5.50E-05
5.95E-05
6.43E-05
6.95E-05
7.49E-05
8.03E-05
8.59E-05
9.18E-05
9.82E-05
1.05E-04
0.000112802086892
0.000120436537182
0.000128403359849
0.00013748338987
0.00014858719705
0.000162112937823
0.000177992190307
0.000196275761644
0.000217424078357
0.000241921784832
0.000269635043123
0.000299855932922
0.000331632083279
0.000363467002114
0.000393106722543
0.000418538833335
0.00043923317884
0.000456717061358
0.000473934490061
0.000493276429343
0.000515364012824
0.000540263097417
0.000569982211657
0.000608651590422
0.000659462200152
0.000722692170568
0.000798208491797
0.000888432425767
0.000995365765987
0.001115265340672
0.001241071988056
0.001370097495778
0.001507284908321
0.001657156996815
0.001811374860156
0.001952039541717
0.002071580161032
0.002184620803146
0.002318353298129
0.00249570981769
0.002732446052509
0.003033120955955
0.003388018587826
0.003800401933936
0.004315089671359
0.005002075417769
0.005900402659974
0.0070028957182
0.008340714944462
0.010099026139697
0.012666867100328
0.016623043945613
0.022596300017458
0.030962337819335
0.041808714681466
0.055157513425989
0.070353707994888
0.08475244978753
0.093710588566269
0.09327357693652
0.083430030780098
0.068055356713652
0.051914138876359
0.038221707720288
0.028017761567751
0.020821500692302
0.015730980135028
0.012051990025583
0.009373610355976
0.007436964789493
0.006048154973806
0.005057078197877
0.004334574856143
0.003777718208742
0.003335542364478
0.002998221831327
0.002755016775225
0.002567897792452
0.00239291814199
0.002210138168686
0.002016936780673
0.001810361019336
0.001594254436936
0.001389955430777
0.001219774415737
0.001084256027897
0.000967147119891
0.000855169116009
0.000746958784487
0.00064797526366
0.00056355405883
0.000495744004051
0.000442509801107
0.000399602908559
0.000363350143615
0.000331492874343
0.000302534894495
0.000275538656612
0.000250190743634
0.000226440920033
0.000204093127738
0.000183111176149
0.00016410016394
0.000147837952913
0.000134394495515
0.000123178506926
0.000113648794523
0.000105667174199
9.92E-05
9.41E-05
9.02E-05
8.74E-05
8.50E-05
8.23E-05
7.91E-05
7.56E-05
7.20E-05
6.86E-05
6.54E-05
6.26E-05
5.99E-05
5.71E-05
5.43E-05
5.15E-05
4.88E-05
4.65E-05
4.45E-05
4.27E-05
4.08E-05
3.90E-05
3.73E-05
3.56E-05
3.40E-05
3.25E-05
3.10E-05
2.97E-05
2.85E-05
2.77E-05
2.71E-05
2.66E-05
2.63E-05
2.61E-05
2.59E-05
2.56E-05
2.53E-05
2.50E-05
2.45E-05
2.40E-05
2.34E-05
2.26E-05
2.18E-05
2.10E-05
2.02E-05
1.95E-05
1.88E-05
1.81E-05
1.75E-05
1.71E-05
1.68E-05
1.66E-05
1.65E-05
1.62E-05
1.59E-05
1.55E-05
1.52E-05
1.50E-05
1.48E-05
1.47E-05
1.45E-05
1.42E-05
1.40E-05
1.37E-05
1.34E-05
1.31E-05
1.27E-05
1.24E-05
1.20E-05
1.15E-05
1.11E-05
1.07E-05
1.04E-05
1.01E-05
9.86E-06
9.64E-06
9.43E-06
9.25E-06
9.13E-06
9.08E-06
9.07E-06
9.05E-06
9.03E-06
8.99E-06
8.95E-06
8.89E-06
8.81E-06
8.70E-06
8.56E-06
8.41E-06
8.27E-06
8.15E-06
8.06E-06
7.97E-06
7.89E-06
7.81E-06
7.74E-06
7.67E-06
7.59E-06
7.50E-06
7.44E-06
7.39E-06
7.33E-06
7.25E-06
7.14E-06
7.01E-06
6.84E-06
6.64E-06
6.45E-06
6.30E-06
6.16E-06

