0
6.53E-06
6.67E-06
6.81E-06
6.97E-06
7.13E-06
7.27E-06
7.41E-06
7.54E-06
7.66E-06
7.75E-06
7.79E-06
7.80E-06
7.83E-06
7.90E-06
8.01E-06
8.17E-06
8.37E-06
8.58E-06
8.78E-06
8.99E-06
9.18E-06
9.36E-06
9.48E-06
9.55E-06
9.59E-06
9.65E-06
9.73E-06
9.82E-06
9.89E-06
9.95E-06
1.00E-05
1.01E-05
1.02E-05
1.04E-05
1.07E-05
1.11E-05
1.15E-05
1.19E-05
1.23E-05
1.28E-05
1.32E-05
1.35E-05
1.38E-05
1.40E-05
1.43E-05
1.46E-05
1.48E-05
1.50E-05
1.52E-05
1.53E-05
1.55E-05
1.57E-05
1.59E-05
1.62E-05
1.67E-05
1.72E-05
1.77E-05
1.82E-05
1.86E-05
1.90E-05
1.94E-05
1.99E-05
2.06E-05
2.14E-05
2.24E-05
2.35E-05
2.44E-05
2.52E-05
2.59E-05
2.65E-05
2.70E-05
2.74E-05
2.78E-05
2.80E-05
2.82E-05
2.84E-05
2.88E-05
2.93E-05
2.99E-05
3.06E-05
3.13E-05
3.21E-05
3.30E-05
3.40E-05
3.52E-05
3.68E-05
3.88E-05
4.12E-05
4.42E-05
4.77E-05
5.16E-05
5.57E-05
6.02E-05
6.49E-05
7.00E-05
7.53E-05
8.07E-05
8.62E-05
9.22E-05
9.88E-05
1.06E-04
0.000113211795088
0.000120925172337
0.000129236857144
0.000138792093811
0.00015035325705
0.000164248346925
0.000180425172286
0.000199055609634
0.000220685231012
0.00024566015738
0.000273666160744
0.000304061117576
0.000335966532113
0.000367734718647
0.000397121956559
0.000422253212383
0.000442592764264
0.000459743806978
0.000476957807968
0.000496812093161
0.000519580353599
0.000544864387882
0.000574689386768
0.000613593077506
0.000664953848042
0.000728884987633
0.000805306046216
0.000896460355471
0.001003513249073
0.001122161127158
0.001245771154991
0.001373274326576
0.001511047415048
0.001662384077472
0.001815653327608
0.001951429809414
0.002065059587806
0.002175643825187
0.002311332824195
0.002492007529099
0.002729908433731
0.003028371746924
0.003379271762127
0.003789249735084
0.004305594978138
0.004997614850804
0.00590031772415
0.007003064582033
0.00833865161321
0.010097867232144
0.012674148156771
0.016646069868114
0.022633493482427
0.031000580130455
0.041834319208138
0.055153135465699
0.070283129589455
0.084589974236176
0.093499606887369
0.093114459407727
0.083382658424404
0.068096841201502
0.051989406259099
0.038292512186131
0.02807421250699
0.020866666041137
0.015766422090449
0.012077030234606
0.009390460667331
0.007448754023362
0.006055338670465
0.005059275042701
0.004332986338196
0.003773725981234
0.003329244127373
0.002989418169495
0.002745189491411
0.002560138839963
0.002389617982449
0.002211687498696
0.002022347318937
0.00181825638011
0.001602840507588
0.001397053100528
0.001224224485147
0.001087124261588
0.000970570832457
0.000859947968532
0.000752046158071
0.00065205313514
0.000566093368913
0.000496920718767
0.000442607689503
0.000398898043963
0.000362367196917
0.000330828686175
0.000302469131712
0.000275941116016
0.000250847886357
0.000227418285253
0.000205635472588
0.000185245233092
0.000166592529679
0.000150470180732
0.000137044522069
0.00012577396256
0.000116151812304
0.000108077842598
1.02E-04
9.64E-05
9.25E-05
8.95E-05
8.68E-05
8.38E-05
8.02E-05
7.64E-05
7.25E-05
6.89E-05
6.56E-05
6.26E-05
5.98E-05
5.70E-05
5.42E-05
5.15E-05
4.89E-05
4.67E-05
4.47E-05
4.30E-05
4.13E-05
3.96E-05
3.80E-05
3.63E-05
3.47E-05
3.30E-05
3.14E-05
3.00E-05
2.89E-05
2.79E-05
2.71E-05
2.65E-05
2.61E-05
2.58E-05
2.56E-05
2.54E-05
2.51E-05
2.48E-05
2.44E-05
2.39E-05
2.33E-05
2.27E-05
2.19E-05
2.12E-05
2.05E-05
1.99E-05
1.93E-05
1.87E-05
1.81E-05
1.77E-05
1.73E-05
1.71E-05
1.69E-05
1.67E-05
1.63E-05
1.58E-05
1.54E-05
1.51E-05
1.48E-05
1.45E-05
1.42E-05
1.39E-05
1.36E-05
1.34E-05
1.33E-05
1.30E-05
1.28E-05
1.24E-05
1.20E-05
1.16E-05
1.12E-05
1.09E-05
1.06E-05
1.03E-05
1.00E-05
9.78E-06
9.58E-06
9.38E-06
9.19E-06
9.04E-06
8.93E-06
8.86E-06
8.80E-06
8.72E-06
8.63E-06
8.55E-06
8.48E-06
8.42E-06
8.36E-06
8.30E-06
8.23E-06
8.16E-06
8.10E-06
8.05E-06
7.99E-06
7.91E-06
7.80E-06
7.70E-06
7.62E-06
7.54E-06
7.46E-06
7.39E-06
7.31E-06
7.22E-06
7.11E-06
6.99E-06
6.85E-06
6.69E-06
6.52E-06
6.38E-06
6.29E-06

