0
6.48E-06
6.62E-06
6.75E-06
6.91E-06
7.08E-06
7.25E-06
7.39E-06
7.50E-06
7.59E-06
7.67E-06
7.77E-06
7.89E-06
8.02E-06
8.15E-06
8.28E-06
8.42E-06
8.58E-06
8.75E-06
8.93E-06
9.11E-06
9.26E-06
9.37E-06
9.43E-06
9.47E-06
9.48E-06
9.48E-06
9.49E-06
9.53E-06
9.60E-06
9.69E-06
9.78E-06
9.89E-06
1.00E-05
1.03E-05
1.06E-05
1.10E-05
1.15E-05
1.20E-05
1.26E-05
1.31E-05
1.35E-05
1.39E-05
1.43E-05
1.45E-05
1.48E-05
1.50E-05
1.52E-05
1.53E-05
1.54E-05
1.55E-05
1.56E-05
1.57E-05
1.59E-05
1.63E-05
1.67E-05
1.72E-05
1.77E-05
1.82E-05
1.86E-05
1.91E-05
1.95E-05
2.00E-05
2.08E-05
2.17E-05
2.28E-05
2.39E-05
2.48E-05
2.56E-05
2.62E-05
2.67E-05
2.71E-05
2.74E-05
2.76E-05
2.78E-05
2.80E-05
2.83E-05
2.88E-05
2.94E-05
3.01E-05
3.08E-05
3.16E-05
3.24E-05
3.31E-05
3.40E-05
3.51E-05
3.67E-05
3.89E-05
4.15E-05
4.47E-05
4.81E-05
5.19E-05
5.59E-05
6.04E-05
6.53E-05
7.04E-05
7.57E-05
8.10E-05
8.65E-05
9.23E-05
9.87E-05
1.05E-04
0.000112556978243
0.000120026129005
0.000128400265611
0.000138331573035
0.000150320945164
0.000164542372993
0.000181074320766
0.000200237592781
0.000222530432617
0.000248134029289
0.000276630389928
0.000307361381688
0.000339302800254
0.000370530254333
0.000398929108961
0.000423088339723
0.0004426981351
0.000459352132175
0.000476319560254
0.000496212540114
0.000519325863022
0.000545440379705
0.000576519796813
0.000616554479116
0.000668712698223
0.000733589295506
0.000811627081573
0.000904669890789
0.001012759627111
0.001131031460765
0.001253140902622
0.001379118145184
0.001516142740065
0.001666105359731
0.001815077859001
0.001943788450899
0.002050901672987
0.002158742771633
0.002295333432381
0.002478469456034
0.002718643196396
0.003018124377284
0.003368799579962
0.003778967756349
0.004298050346777
0.004995032467835
0.005901425852229
0.00700374025187
0.008335733330857
0.010091897378898
0.012669597333286
0.016649085373345
0.022643798928101
0.031007740443054
0.041826246061728
0.055113093998459
0.070181182218519
0.084416802294284
0.093317308483291
0.093026201964053
0.083429948343147
0.068231850005495
0.052139734441979
0.0384142027765
0.028162106197719
0.020932923274225
0.015819036940866
0.012116196902376
0.009415799043579
0.007461824714316
0.006058179950643
0.005054237605531
0.004323192677926
0.003761734744233
0.003315971389428
0.002974651308629
0.002729066777076
0.002544000808935
0.002375204617962
0.002200274741504
0.002014867155424
0.001815258140008
0.001603183577534
0.001397682292733
0.00122279351874
0.001084234962051
0.00096850439874
0.000860170878959
0.000754315367812
0.000655153528152
0.000568879502931
0.000498849072349
0.000443558463256
0.000398957465666
0.000361934742967
0.000330597617833
0.000302937930788
0.000276918081829
0.000251815859435
0.000228179605706
0.000206307410175
0.000185933822666
0.00016725928978
0.000151003144236
0.000137334169778
0.000125730290915
0.000115686854363
0.000107136490881
1.00E-04
9.48E-05
9.06E-05
8.74E-05
8.48E-05
8.21E-05
7.89E-05
7.55E-05
7.19E-05
6.85E-05
6.54E-05
6.25E-05
5.99E-05
5.72E-05
5.45E-05
5.17E-05
4.90E-05
4.66E-05
4.46E-05
4.28E-05
4.11E-05
3.95E-05
3.78E-05
3.62E-05
3.46E-05
3.30E-05
3.14E-05
3.00E-05
2.88E-05
2.78E-05
2.70E-05
2.65E-05
2.60E-05
2.56E-05
2.53E-05
2.50E-05
2.48E-05
2.45E-05
2.41E-05
2.37E-05
2.31E-05
2.25E-05
2.19E-05
2.12E-05
2.05E-05
1.98E-05
1.92E-05
1.87E-05
1.82E-05
1.77E-05
1.73E-05
1.69E-05
1.66E-05
1.63E-05
1.59E-05
1.55E-05
1.50E-05
1.46E-05
1.43E-05
1.41E-05
1.39E-05
1.37E-05
1.36E-05
1.35E-05
1.34E-05
1.33E-05
1.31E-05
1.28E-05
1.25E-05
1.21E-05
1.17E-05
1.14E-05
1.10E-05
1.06E-05
1.03E-05
9.98E-06
9.68E-06
9.43E-06
9.24E-06
9.07E-06
8.93E-06
8.82E-06
8.74E-06
8.66E-06
8.56E-06
8.48E-06
8.43E-06
8.42E-06
8.43E-06
8.41E-06
8.34E-06
8.24E-06
8.13E-06
8.04E-06
7.97E-06
7.91E-06
7.84E-06
7.74E-06
7.64E-06
7.54E-06
7.47E-06
7.41E-06
7.34E-06
7.23E-06
7.07E-06
6.89E-06
6.69E-06
6.47E-06
6.26E-06
6.10E-06
5.98E-06

