0
6.41E-06
6.55E-06
6.68E-06
6.82E-06
6.98E-06
7.15E-06
7.32E-06
7.48E-06
7.60E-06
7.71E-06
7.83E-06
7.96E-06
8.10E-06
8.25E-06
8.42E-06
8.61E-06
8.82E-06
9.02E-06
9.21E-06
9.36E-06
9.46E-06
9.51E-06
9.51E-06
9.49E-06
9.46E-06
9.46E-06
9.48E-06
9.51E-06
9.55E-06
9.61E-06
9.70E-06
9.86E-06
1.01E-05
1.04E-05
1.08E-05
1.13E-05
1.18E-05
1.23E-05
1.28E-05
1.33E-05
1.38E-05
1.41E-05
1.44E-05
1.46E-05
1.48E-05
1.50E-05
1.52E-05
1.53E-05
1.54E-05
1.55E-05
1.55E-05
1.56E-05
1.58E-05
1.61E-05
1.65E-05
1.70E-05
1.75E-05
1.81E-05
1.86E-05
1.91E-05
1.96E-05
2.03E-05
2.11E-05
2.21E-05
2.32E-05
2.42E-05
2.51E-05
2.59E-05
2.65E-05
2.69E-05
2.73E-05
2.75E-05
2.77E-05
2.79E-05
2.81E-05
2.84E-05
2.88E-05
2.94E-05
3.01E-05
3.08E-05
3.16E-05
3.24E-05
3.32E-05
3.41E-05
3.53E-05
3.70E-05
3.93E-05
4.20E-05
4.53E-05
4.90E-05
5.30E-05
5.72E-05
6.17E-05
6.64E-05
7.14E-05
7.65E-05
8.18E-05
8.75E-05
9.37E-05
1.00E-04
0.00010731836547
0.000114349881868
0.000121626103568
0.000129778597502
0.000139633921407
0.000151691236714
0.000166029831982
0.000182673818593
0.000201875499597
0.000224024769367
0.000249273240679
0.000277404415534
0.000308023614012
0.000340059993282
0.000371236028522
0.000399152811918
0.000422428356999
0.000441172646997
0.000457407219575
0.000474279368715
0.000493872474812
0.000516487675996
0.000542670800924
0.000574754108013
0.000616106565971
0.000669153293372
0.000734470066497
0.000812984888578
0.000906640363881
0.001015026902165
0.001132978841783
0.001254379043313
0.001380283266295
0.001518255520969
0.001668347022623
0.001814782091377
0.001939554170925
0.002044535595142
0.002153316906489
0.002292190770479
0.00247754583827
0.002719736034272
0.003020113962788
0.003370023570869
0.003779162360871
0.00429875577032
0.004997145080994
0.005903497661113
0.007004056897726
0.008335085592589
0.010094202277491
0.012681027771935
0.016676070756239
0.022685641445564
0.031054563812457
0.041870751957056
0.055146422021981
0.070171805994001
0.084329652940684
0.093170226380154
0.092896290808095
0.083374925552934
0.068243523401576
0.052179140519328
0.038451585609106
0.028187971692834
0.020948522660502
0.015826198684036
0.012116843023915
0.009414350700608
0.007461330766172
0.006057472035658
0.00505070239448
0.004316645465823
0.003754436441654
0.003309657043642
0.002968904911674
0.002723459736072
0.002540298247791
0.002375460528983
0.002204167107295
0.002020805480301
0.001822625730993
0.001611438926351
0.001404954235431
0.001227461176818
0.00108684028416
0.000970729995436
0.000863174467456
0.000758161089048
0.00065916257107
0.000572371005068
0.000501582366641
0.000445736325534
0.000400825085979
0.000363437141315
0.000331637318225
0.000303723068074
0.000277775845174
0.00025291554771
0.000229445169954
0.000207588812562
0.000187222056875
0.000168596828575
0.000152346851795
0.000138586641185
0.000126882894338
0.000116828926164
0.000108278111305
0.000101260187199
9.57E-05
9.14E-05
8.80E-05
8.53E-05
8.25E-05
7.95E-05
7.62E-05
7.26E-05
6.90E-05
6.56E-05
6.27E-05
6.00E-05
5.75E-05
5.48E-05
5.21E-05
4.95E-05
4.72E-05
4.51E-05
4.33E-05
4.15E-05
3.98E-05
3.81E-05
3.65E-05
3.50E-05
3.34E-05
3.19E-05
3.04E-05
2.91E-05
2.79E-05
2.69E-05
2.62E-05
2.56E-05
2.52E-05
2.50E-05
2.48E-05
2.46E-05
2.44E-05
2.41E-05
2.38E-05
2.34E-05
2.29E-05
2.23E-05
2.17E-05
2.11E-05
2.04E-05
1.98E-05
1.91E-05
1.85E-05
1.78E-05
1.73E-05
1.69E-05
1.66E-05
1.62E-05
1.59E-05
1.55E-05
1.51E-05
1.48E-05
1.45E-05
1.43E-05
1.41E-05
1.39E-05
1.37E-05
1.35E-05
1.33E-05
1.31E-05
1.29E-05
1.27E-05
1.24E-05
1.21E-05
1.17E-05
1.14E-05
1.11E-05
1.07E-05
1.04E-05
1.00E-05
9.64E-06
9.33E-06
9.09E-06
8.90E-06
8.74E-06
8.60E-06
8.46E-06
8.33E-06
8.24E-06
8.21E-06
8.23E-06
8.28E-06
8.32E-06
8.32E-06
8.30E-06
8.25E-06
8.18E-06
8.12E-06
8.06E-06
8.01E-06
7.95E-06
7.86E-06
7.76E-06
7.67E-06
7.57E-06
7.47E-06
7.36E-06
7.23E-06
7.09E-06
6.93E-06
6.75E-06
6.58E-06
6.43E-06
6.31E-06
6.19E-06

