0
6.34E-06
6.46E-06
6.59E-06
6.75E-06
6.92E-06
7.10E-06
7.28E-06
7.46E-06
7.62E-06
7.75E-06
7.86E-06
7.97E-06
8.10E-06
8.25E-06
8.43E-06
8.59E-06
8.74E-06
8.91E-06
9.09E-06
9.26E-06
9.39E-06
9.44E-06
9.43E-06
9.39E-06
9.35E-06
9.34E-06
9.35E-06
9.37E-06
9.42E-06
9.53E-06
9.72E-06
1.00E-05
1.03E-05
1.07E-05
1.11E-05
1.16E-05
1.21E-05
1.26E-05
1.31E-05
1.36E-05
1.41E-05
1.45E-05
1.48E-05
1.50E-05
1.51E-05
1.52E-05
1.53E-05
1.54E-05
1.55E-05
1.56E-05
1.57E-05
1.58E-05
1.60E-05
1.62E-05
1.66E-05
1.71E-05
1.77E-05
1.83E-05
1.88E-05
1.93E-05
1.99E-05
2.06E-05
2.15E-05
2.26E-05
2.37E-05
2.47E-05
2.55E-05
2.61E-05
2.67E-05
2.70E-05
2.73E-05
2.74E-05
2.76E-05
2.78E-05
2.81E-05
2.86E-05
2.93E-05
3.00E-05
3.08E-05
3.14E-05
3.21E-05
3.28E-05
3.35E-05
3.44E-05
3.56E-05
3.75E-05
3.99E-05
4.28E-05
4.61E-05
4.98E-05
5.37E-05
5.79E-05
6.24E-05
6.73E-05
7.23E-05
7.74E-05
8.25E-05
8.80E-05
9.41E-05
1.01E-04
1.08E-04
0.000114797132607
0.000122126962786
0.000130539793624
0.000140879621411
0.000153470626174
0.000168171993154
0.000184918254437
0.000204115707485
0.000226378616907
0.000251841980865
0.000280068436944
0.000310471476581
0.00034207944034
0.000372891270564
0.000400419683935
0.000422973040529
0.000440942687899
0.000457075044279
0.00047448616837
0.000494467926557
0.000517123314409
0.000543659787793
0.000576868439124
0.000619808700507
0.000674313369568
0.000740552454334
0.000819400121504
0.000913015952836
0.001021037481471
0.001138179618886
0.001258568924657
0.001383948322092
0.001521748193422
0.001670542587937
0.00181386966989
0.001935519601586
0.002039709607707
0.002150056801358
0.002290455079842
0.002476350045741
0.002718993802697
0.003018979465582
0.00336692496685
0.003774730327927
0.004296018508633
0.004997306491899
0.005903894741576
0.007001650721439
0.008330142239055
0.010090183121921
0.012682536809735
0.016686716515512
0.022701784407664
0.031063245447621
0.041859469597217
0.055101823727726
0.070069170699636
0.084159981018214
0.092987467959285
0.09279419478074
0.083394923127495
0.068345323564694
0.052296998076865
0.038543958624577
0.028248365721178
0.02098772266995
0.015853055804009
0.0121339245729
0.009423425898156
0.007464944024861
0.006057253327483
0.005047099822082
0.004310920017704
0.003748493013279
0.00330376037227
0.002961783594381
0.002715380086501
0.00253433575361
0.002374058787316
0.002206708173229
0.002025968121738
0.00183039110079
0.001621077828225
0.00141377671443
0.001233274250667
0.001089929604529
0.000972707755681
0.000865266561671
0.000760568151468
0.000661382338393
0.000573801061272
0.000502211715126
0.000446441780246
0.000402400416159
0.00036556940136
0.000333412027839
0.000304744553779
0.000278362737335
0.000253494074795
0.00023014240229
0.000208367840812
0.000188060448743
0.000169490266143
0.000153224047331
0.000139364335796
0.000127543060474
0.00011734647617
0.000108533343569
1.01E-04
9.51E-05
9.05E-05
8.69E-05
8.41E-05
8.13E-05
7.83E-05
7.51E-05
7.18E-05
6.85E-05
6.54E-05
6.26E-05
6.01E-05
5.76E-05
5.50E-05
5.23E-05
4.98E-05
4.76E-05
4.55E-05
4.36E-05
4.18E-05
3.99E-05
3.81E-05
3.64E-05
3.47E-05
3.31E-05
3.15E-05
3.01E-05
2.87E-05
2.76E-05
2.66E-05
2.58E-05
2.53E-05
2.50E-05
2.48E-05
2.47E-05
2.46E-05
2.43E-05
2.40E-05
2.37E-05
2.33E-05
2.29E-05
2.23E-05
2.18E-05
2.12E-05
2.06E-05
1.99E-05
1.93E-05
1.86E-05
1.79E-05
1.73E-05
1.68E-05
1.65E-05
1.62E-05
1.58E-05
1.54E-05
1.50E-05
1.47E-05
1.44E-05
1.42E-05
1.40E-05
1.39E-05
1.37E-05
1.36E-05
1.34E-05
1.33E-05
1.32E-05
1.30E-05
1.28E-05
1.25E-05
1.22E-05
1.17E-05
1.13E-05
1.09E-05
1.05E-05
1.02E-05
9.79E-06
9.44E-06
9.12E-06
8.85E-06
8.62E-06
8.44E-06
8.33E-06
8.30E-06
8.32E-06
8.37E-06
8.42E-06
8.48E-06
8.53E-06
8.54E-06
8.54E-06
8.54E-06
8.54E-06
8.53E-06
8.49E-06
8.41E-06
8.28E-06
8.11E-06
7.95E-06
7.79E-06
7.64E-06
7.50E-06
7.37E-06
7.24E-06
7.10E-06
6.94E-06
6.77E-06
6.63E-06
6.51E-06
6.43E-06
6.34E-06

