0
6.35E-06
6.48E-06
6.60E-06
6.73E-06
6.88E-06
7.03E-06
7.18E-06
7.32E-06
7.44E-06
7.56E-06
7.70E-06
7.87E-06
8.06E-06
8.27E-06
8.48E-06
8.67E-06
8.81E-06
8.93E-06
9.05E-06
9.14E-06
9.20E-06
9.18E-06
9.11E-06
9.04E-06
9.00E-06
9.01E-06
9.05E-06
9.10E-06
9.21E-06
9.39E-06
9.63E-06
9.91E-06
1.02E-05
1.06E-05
1.10E-05
1.16E-05
1.21E-05
1.27E-05
1.32E-05
1.37E-05
1.41E-05
1.44E-05
1.46E-05
1.48E-05
1.51E-05
1.52E-05
1.53E-05
1.54E-05
1.55E-05
1.56E-05
1.57E-05
1.58E-05
1.60E-05
1.62E-05
1.67E-05
1.71E-05
1.76E-05
1.82E-05
1.87E-05
1.92E-05
1.99E-05
2.07E-05
2.17E-05
2.27E-05
2.38E-05
2.47E-05
2.54E-05
2.59E-05
2.64E-05
2.69E-05
2.72E-05
2.74E-05
2.75E-05
2.76E-05
2.79E-05
2.83E-05
2.89E-05
2.96E-05
3.05E-05
3.13E-05
3.22E-05
3.30E-05
3.38E-05
3.48E-05
3.63E-05
3.83E-05
4.09E-05
4.39E-05
4.73E-05
5.09E-05
5.48E-05
5.90E-05
6.35E-05
6.83E-05
7.33E-05
7.84E-05
8.37E-05
8.92E-05
9.52E-05
1.02E-04
1.08E-04
0.000115136898283
0.000122366511665
0.000130776618605
0.000141165000698
0.000153773802439
0.000168414190558
0.000185105949101
0.000204433242355
0.000227092879875
0.000253083404446
0.000281680776574
0.000311957988051
0.000342695251612
0.000371973869205
0.000397751607584
0.000418931663914
0.000436326852184
0.000452597306592
0.000470277183946
0.000490205435176
0.000512581135948
0.000538997645519
0.000572591141365
0.000616624801714
0.000672862809541
0.000741180492379
0.000822422492477
0.000918862409298
0.001029405929929
0.001147512372596
0.001267372697631
0.001391944075117
0.001528430343323
0.001673846686081
0.001812020515738
0.001929623913651
0.002032651997642
0.002143070517093
0.002282343642499
0.002466694159096
0.002709431687095
0.003010238282034
0.003358253613506
0.003766789249505
0.004291818507453
0.00499831637419
0.00590769298345
0.007005515955278
0.008334808927145
0.010099929682308
0.012704505437612
0.016729847003299
0.02276924611343
0.031149674371675
0.041960296792641
0.055205265166873
0.070133235815857
0.084133740405168
0.092870164270882
0.092648588118982
0.08328294064405
0.068283339797348
0.052272076003582
0.038539165550985
0.028253381710671
0.020997301884765
0.015862398505213
0.012139675124085
0.009426620937575
0.007468182387695
0.006060813157903
0.005048831611179
0.004309309970433
0.003743670574984
0.003295620490717
0.002949474059151
0.00269988746579
0.002519722834941
0.002363709708067
0.002200474775426
0.002022624851327
0.001829859259695
0.001622717017744
0.001415435352902
0.001233396021007
0.001089214163862
0.000973089915929
0.000867929801026
0.000765293977659
0.000667159523499
0.000579212315474
0.000506126742666
0.00044891273346
0.000404210025144
0.000367160075403
0.000334740507148
0.000305783239576
0.000279339551826
0.000254633878734
0.000231431636049
0.000209705924991
0.000189404504711
0.000170799105737
0.000154433104481
0.00014049488289
0.000128652472845
0.000118394816318
0.000109404017389
1.02E-04
9.54E-05
9.05E-05
8.68E-05
8.41E-05
8.16E-05
7.88E-05
7.57E-05
7.24E-05
6.91E-05
6.60E-05
6.33E-05
6.08E-05
5.83E-05
5.58E-05
5.32E-05
5.06E-05
4.82E-05
4.60E-05
4.41E-05
4.23E-05
4.04E-05
3.86E-05
3.68E-05
3.50E-05
3.34E-05
3.18E-05
3.03E-05
2.89E-05
2.77E-05
2.67E-05
2.59E-05
2.53E-05
2.50E-05
2.48E-05
2.47E-05
2.46E-05
2.45E-05
2.42E-05
2.40E-05
2.36E-05
2.33E-05
2.28E-05
2.22E-05
2.16E-05
2.09E-05
2.02E-05
1.94E-05
1.87E-05
1.79E-05
1.73E-05
1.67E-05
1.63E-05
1.60E-05
1.57E-05
1.53E-05
1.50E-05
1.46E-05
1.43E-05
1.41E-05
1.40E-05
1.39E-05
1.38E-05
1.36E-05
1.35E-05
1.34E-05
1.34E-05
1.32E-05
1.31E-05
1.28E-05
1.24E-05
1.20E-05
1.16E-05
1.11E-05
1.07E-05
1.03E-05
9.88E-06
9.49E-06
9.13E-06
8.82E-06
8.58E-06
8.40E-06
8.29E-06
8.25E-06
8.27E-06
8.32E-06
8.39E-06
8.46E-06
8.52E-06
8.56E-06
8.58E-06
8.60E-06
8.60E-06
8.57E-06
8.51E-06
8.42E-06
8.30E-06
8.16E-06
8.02E-06
7.89E-06
7.77E-06
7.66E-06
7.56E-06
7.46E-06
7.33E-06
7.17E-06
6.98E-06
6.77E-06
6.57E-06
6.42E-06
6.31E-06

