0
6.32E-06
6.47E-06
6.62E-06
6.78E-06
6.97E-06
7.15E-06
7.32E-06
7.48E-06
7.63E-06
7.78E-06
7.93E-06
8.09E-06
8.26E-06
8.45E-06
8.62E-06
8.75E-06
8.86E-06
8.97E-06
9.08E-06
9.17E-06
9.22E-06
9.23E-06
9.18E-06
9.10E-06
9.02E-06
8.97E-06
9.00E-06
9.10E-06
9.28E-06
9.51E-06
9.77E-06
1.01E-05
1.05E-05
1.09E-05
1.15E-05
1.21E-05
1.26E-05
1.32E-05
1.37E-05
1.40E-05
1.43E-05
1.46E-05
1.48E-05
1.49E-05
1.50E-05
1.51E-05
1.52E-05
1.52E-05
1.52E-05
1.52E-05
1.53E-05
1.55E-05
1.57E-05
1.61E-05
1.67E-05
1.73E-05
1.79E-05
1.85E-05
1.90E-05
1.96E-05
2.03E-05
2.12E-05
2.22E-05
2.32E-05
2.42E-05
2.50E-05
2.57E-05
2.63E-05
2.68E-05
2.72E-05
2.74E-05
2.75E-05
2.76E-05
2.78E-05
2.80E-05
2.85E-05
2.91E-05
3.00E-05
3.09E-05
3.18E-05
3.25E-05
3.32E-05
3.39E-05
3.49E-05
3.64E-05
3.84E-05
4.10E-05
4.41E-05
4.75E-05
5.10E-05
5.48E-05
5.90E-05
6.34E-05
6.82E-05
7.30E-05
7.80E-05
8.33E-05
8.90E-05
9.51E-05
1.01E-04
1.08E-04
0.00011485776467
0.000122363640592
0.00013120481774
0.000142010741387
0.000154924870368
0.000169794988883
0.000186822124378
0.000206700602581
0.000229966237258
0.000256383882027
0.000285261845802
0.000315767001632
0.00034649030179
0.000375233294474
0.000400032404422
0.000420423866671
0.000437800200301
0.000454581480862
0.000472572958658
0.000492306738189
0.000514191947281
0.000540161450072
0.000573682240642
0.000618106292013
0.000674826157571
0.000743454711091
0.000825137204544
0.000922394458742
0.001033536297565
0.001151268107206
0.001270274262914
0.001394758101647
0.001531894610968
0.001677266924659
0.001814176874741
0.00193065347006
0.002033690159385
0.002144209198703
0.0022824162089
0.002465567867381
0.00270803819503
0.003008180148646
0.003354839031183
0.003763976118022
0.004293164825672
0.005003451047508
0.005911296797179
0.007003541711168
0.008327921072487
0.010090880719741
0.012696406861439
0.016726195392574
0.022768211749683
0.031141489770282
0.041935845890748
0.055156782037518
0.070047062601584
0.084007754727338
0.092745252931625
0.09259125076528
0.083317009178557
0.06837158370014
0.052363311196292
0.038604155132033
0.028290275275788
0.021017529330535
0.015875045481285
0.012148165026472
0.009433688739715
0.007476264563263
0.006069671113425
0.005056063591277
0.004313267139988
0.003744007791644
0.00329205329423
0.002941638305087
0.002688792003016
0.002508258561468
0.002354210580714
0.002193790817892
0.002019938676176
0.001832487530235
0.001629815159443
0.001423942812835
0.001240330725288
0.001093717043856
0.000976205786665
0.000870497389158
0.000767291153153
0.000668693693118
0.000580463029634
0.000506921827029
0.000449194231772
0.000404457687444
0.000368049970975
0.000336554385071
0.000308348438407
0.000282398791519
0.000257965382388
0.000234774910706
0.000212860443775
0.000192279804327
0.000173280493592
0.000156394995348
0.000141968064269
0.000129774021681
0.000119284993859
0.000110151533888
1.02E-04
9.59E-05
9.07E-05
8.66E-05
8.35E-05
8.09E-05
7.83E-05
7.53E-05
7.20E-05
6.88E-05
6.58E-05
6.31E-05
6.07E-05
5.83E-05
5.58E-05
5.33E-05
5.09E-05
4.85E-05
4.63E-05
4.43E-05
4.24E-05
4.06E-05
3.88E-05
3.70E-05
3.52E-05
3.35E-05
3.19E-05
3.02E-05
2.87E-05
2.74E-05
2.63E-05
2.56E-05
2.51E-05
2.48E-05
2.46E-05
2.46E-05
2.46E-05
2.46E-05
2.45E-05
2.44E-05
2.41E-05
2.38E-05
2.33E-05
2.27E-05
2.20E-05
2.13E-05
2.05E-05
1.98E-05
1.90E-05
1.81E-05
1.74E-05
1.68E-05
1.63E-05
1.59E-05
1.56E-05
1.53E-05
1.49E-05
1.45E-05
1.42E-05
1.39E-05
1.38E-05
1.38E-05
1.38E-05
1.38E-05
1.38E-05
1.38E-05
1.37E-05
1.35E-05
1.33E-05
1.29E-05
1.26E-05
1.22E-05
1.17E-05
1.12E-05
1.07E-05
1.03E-05
9.87E-06
9.47E-06
9.08E-06
8.72E-06
8.44E-06
8.25E-06
8.17E-06
8.17E-06
8.25E-06
8.36E-06
8.48E-06
8.61E-06
8.71E-06
8.77E-06
8.77E-06
8.73E-06
8.67E-06
8.62E-06
8.57E-06
8.50E-06
8.40E-06
8.26E-06
8.08E-06
7.88E-06
7.69E-06
7.52E-06
7.36E-06
7.21E-06
7.06E-06
6.89E-06
6.70E-06
6.49E-06
6.31E-06
6.19E-06
6.11E-06

