0
6.32E-06
6.45E-06
6.58E-06
6.72E-06
6.87E-06
7.02E-06
7.20E-06
7.41E-06
7.64E-06
7.88E-06
8.11E-06
8.30E-06
8.45E-06
8.60E-06
8.75E-06
8.90E-06
9.05E-06
9.17E-06
9.23E-06
9.22E-06
9.17E-06
9.09E-06
9.00E-06
8.91E-06
8.84E-06
8.82E-06
8.88E-06
9.01E-06
9.21E-06
9.46E-06
9.78E-06
1.01E-05
1.06E-05
1.11E-05
1.16E-05
1.22E-05
1.28E-05
1.33E-05
1.38E-05
1.43E-05
1.46E-05
1.49E-05
1.51E-05
1.52E-05
1.52E-05
1.52E-05
1.51E-05
1.51E-05
1.51E-05
1.51E-05
1.52E-05
1.54E-05
1.57E-05
1.62E-05
1.67E-05
1.73E-05
1.80E-05
1.85E-05
1.91E-05
1.96E-05
2.04E-05
2.13E-05
2.23E-05
2.34E-05
2.43E-05
2.51E-05
2.57E-05
2.63E-05
2.67E-05
2.70E-05
2.72E-05
2.74E-05
2.75E-05
2.77E-05
2.81E-05
2.87E-05
2.95E-05
3.02E-05
3.09E-05
3.16E-05
3.23E-05
3.29E-05
3.37E-05
3.48E-05
3.66E-05
3.89E-05
4.16E-05
4.47E-05
4.82E-05
5.21E-05
5.62E-05
6.04E-05
6.48E-05
6.93E-05
7.40E-05
7.87E-05
8.38E-05
8.93E-05
9.54E-05
1.02E-04
0.000108530281331
0.000115525391866
0.000123361933346
0.000132732273259
0.00014406950522
0.000157339301583
0.000172424564571
0.000189712772982
0.000209970707034
0.000233556265451
0.000260055747981
0.000288824392728
0.000319071061056
0.000349169670558
0.000376820213193
0.000400285260918
0.000419545110137
0.000436514304775
0.000453811362274
0.000472852442224
0.000493473535719
0.000515738512282
0.000542012636792
0.000576542563589
0.000622577279426
0.000680509717164
0.000749675024844
0.000831861826271
0.000929777964818
0.001041059033953
0.001158066836133
0.001276139445424
0.001400330366002
0.001537688931033
0.001682654020085
0.00181793520962
0.001932133064367
0.002032671614523
0.002140250605991
0.002275327625003
0.002456295936037
0.002697545403982
0.002995704546187
0.003339372004428
0.003747267256291
0.004279767203779
0.004995979744045
0.005907584880693
0.007000187302341
0.00832338045
0.010084105561968
0.012686559150709
0.016714173892257
0.022752481810564
0.031114337388761
0.041887432995996
0.055074353753674
0.069914228776205
0.083832235168276
0.092590275581336
0.092539936970938
0.083390868390302
0.068518094112386
0.052516638459239
0.038725726492406
0.028372430765769
0.021068816120207
0.015906626745721
0.012168430310542
0.00944849805322
0.007488680736485
0.006079717039003
0.005062521320273
0.004316513803761
0.003745228269772
0.003290985779232
0.002936909800582
0.002680412016159
0.002498681776025
0.00234561710829
0.002186710633301
0.0020153050739
0.001832113604921
0.001634134173544
0.00143079939098
0.001246576164104
0.001097988756714
0.000979381868046
0.000873556792437
0.000770240165819
0.000671380867271
0.000582861085906
0.000508745637827
0.000450190863693
0.000404892145223
0.000368425530794
0.000336970228164
0.000308518482057
0.000282188658822
0.000257541463453
0.000234428317258
0.000212830260207
0.000192568700545
0.000173542735602
0.000156202479037
0.000141211156739
0.000128624112923
0.00011791411885
0.000108637779694
1.01E-04
9.44E-05
8.93E-05
8.53E-05
8.22E-05
7.97E-05
7.71E-05
7.43E-05
7.13E-05
6.82E-05
6.52E-05
6.27E-05
6.04E-05
5.84E-05
5.62E-05
5.38E-05
5.14E-05
4.90E-05
4.67E-05
4.45E-05
4.24E-05
4.04E-05
3.84E-05
3.65E-05
3.47E-05
3.30E-05
3.13E-05
2.97E-05
2.82E-05
2.70E-05
2.60E-05
2.54E-05
2.50E-05
2.47E-05
2.46E-05
2.45E-05
2.45E-05
2.44E-05
2.43E-05
2.41E-05
2.39E-05
2.36E-05
2.32E-05
2.27E-05
2.20E-05
2.13E-05
2.05E-05
1.98E-05
1.90E-05
1.82E-05
1.74E-05
1.66E-05
1.60E-05
1.56E-05
1.53E-05
1.50E-05
1.47E-05
1.44E-05
1.41E-05
1.40E-05
1.39E-05
1.38E-05
1.38E-05
1.38E-05
1.39E-05
1.39E-05
1.39E-05
1.38E-05
1.36E-05
1.33E-05
1.28E-05
1.24E-05
1.19E-05
1.13E-05
1.08E-05
1.03E-05
9.77E-06
9.28E-06
8.83E-06
8.44E-06
8.15E-06
8.00E-06
7.96E-06
8.01E-06
8.09E-06
8.17E-06
8.27E-06
8.38E-06
8.51E-06
8.64E-06
8.76E-06
8.85E-06
8.88E-06
8.85E-06
8.73E-06
8.56E-06
8.36E-06
8.16E-06
7.97E-06
7.76E-06
7.55E-06
7.34E-06
7.14E-06
6.96E-06
6.78E-06
6.61E-06
6.48E-06
6.38E-06
6.31E-06
6.26E-06
6.21E-06

