0
6.32E-06
6.45E-06
6.57E-06
6.70E-06
6.84E-06
6.98E-06
7.13E-06
7.30E-06
7.50E-06
7.72E-06
7.96E-06
8.19E-06
8.42E-06
8.62E-06
8.80E-06
8.97E-06
9.13E-06
9.26E-06
9.33E-06
9.34E-06
9.29E-06
9.21E-06
9.13E-06
9.05E-06
8.97E-06
8.94E-06
8.97E-06
9.08E-06
9.25E-06
9.49E-06
9.80E-06
1.02E-05
1.06E-05
1.12E-05
1.18E-05
1.24E-05
1.29E-05
1.35E-05
1.39E-05
1.43E-05
1.46E-05
1.48E-05
1.50E-05
1.51E-05
1.51E-05
1.51E-05
1.51E-05
1.51E-05
1.51E-05
1.52E-05
1.53E-05
1.55E-05
1.58E-05
1.62E-05
1.67E-05
1.73E-05
1.79E-05
1.84E-05
1.90E-05
1.97E-05
2.05E-05
2.15E-05
2.25E-05
2.36E-05
2.45E-05
2.53E-05
2.59E-05
2.64E-05
2.68E-05
2.71E-05
2.72E-05
2.73E-05
2.74E-05
2.76E-05
2.80E-05
2.86E-05
2.94E-05
3.02E-05
3.10E-05
3.18E-05
3.25E-05
3.32E-05
3.41E-05
3.55E-05
3.74E-05
3.98E-05
4.26E-05
4.57E-05
4.92E-05
5.28E-05
5.66E-05
6.08E-05
6.53E-05
7.00E-05
7.47E-05
7.96E-05
8.47E-05
9.03E-05
9.63E-05
1.03E-04
0.00010891209798
0.000115697017128
0.000123426561294
0.000132741691895
0.000143966341772
0.000157102875838
0.000172223797715
0.000189755329988
0.000210303060951
0.00023408619704
0.000260712179962
0.00028957455272
0.000319672947969
0.000349068152001
0.00037564591591
0.00039812342478
0.0004164669747
0.0004323483792
0.000448544774125
0.000466839508684
0.000487075768297
0.000509204365119
0.00053580478016
0.000571424264752
0.000619004497887
0.00067816494799
0.000748252040973
0.000831622357241
0.000930762544228
0.001042535418788
0.001159413019899
0.001277655145712
0.001402666649462
0.001540665070502
0.001684956359149
0.001818351450279
0.00193047053789
0.002029258949853
0.002135231729455
0.002268937348072
0.002449024243499
0.002689079428475
0.002985188396817
0.003327523709829
0.003736512728227
0.004272010675601
0.004989649243224
0.005898184293764
0.006985899806635
0.008308259236743
0.010075523863548
0.012693012616515
0.016744325311255
0.022809049478756
0.031192740151724
0.041984227916563
0.05518123014492
0.069999795611678
0.083856561164377
0.092545665703105
0.092462875914949
0.083321745166524
0.068472278895462
0.05249289334311
0.038718391908552
0.02837550373789
0.021076251863639
0.015911864543048
0.012167507980691
0.009442821742689
0.007482091105665
0.006074253697236
0.005057902729795
0.004312247656977
0.003740630313299
0.003284513498881
0.002926834138035
0.002666560211886
0.002483185883875
0.002330837493147
0.002173607257247
0.002004436780923
0.001824393209948
0.001629989644956
0.001429061401835
0.00124504399803
0.001095767572114
0.000977448181856
0.000873075100682
0.000771425654411
0.000673716603324
0.000585758534946
0.000511712415957
0.000452723743315
0.000406584548056
0.000369209813735
0.000337223445639
0.000308789265741
0.000282708826208
0.000258120592637
0.000234892208382
0.000213338163892
0.000193398933728
0.000174723131046
0.000157543581092
0.000142570117841
0.000129966263629
0.000119211756552
0.000109778873383
0.00010160700813
9.49E-05
8.95E-05
8.52E-05
8.20E-05
7.95E-05
7.72E-05
7.49E-05
7.23E-05
6.95E-05
6.66E-05
6.39E-05
6.15E-05
5.94E-05
5.72E-05
5.49E-05
5.24E-05
4.99E-05
4.75E-05
4.52E-05
4.31E-05
4.12E-05
3.92E-05
3.73E-05
3.54E-05
3.36E-05
3.18E-05
3.01E-05
2.85E-05
2.72E-05
2.61E-05
2.54E-05
2.49E-05
2.47E-05
2.47E-05
2.47E-05
2.48E-05
2.49E-05
2.49E-05
2.48E-05
2.46E-05
2.43E-05
2.38E-05
2.32E-05
2.26E-05
2.18E-05
2.10E-05
2.01E-05
1.92E-05
1.83E-05
1.74E-05
1.65E-05
1.59E-05
1.54E-05
1.51E-05
1.48E-05
1.46E-05
1.42E-05
1.40E-05
1.38E-05
1.37E-05
1.37E-05
1.38E-05
1.39E-05
1.40E-05
1.41E-05
1.41E-05
1.40E-05
1.38E-05
1.35E-05
1.30E-05
1.25E-05
1.20E-05
1.15E-05
1.11E-05
1.05E-05
9.97E-06
9.41E-06
8.89E-06
8.45E-06
8.13E-06
7.94E-06
7.90E-06
7.97E-06
8.08E-06
8.20E-06
8.31E-06
8.40E-06
8.48E-06
8.56E-06
8.66E-06
8.77E-06
8.86E-06
8.88E-06
8.79E-06
8.62E-06
8.37E-06
8.10E-06
7.83E-06
7.56E-06
7.31E-06
7.09E-06
6.90E-06
6.73E-06
6.56E-06
6.43E-06
6.32E-06
6.25E-06
6.19E-06
6.14E-06
6.07E-06

