0
6.42E-06
6.54E-06
6.62E-06
6.73E-06
6.87E-06
7.05E-06
7.23E-06
7.41E-06
7.60E-06
7.80E-06
8.03E-06
8.26E-06
8.50E-06
8.72E-06
8.92E-06
9.08E-06
9.21E-06
9.30E-06
9.37E-06
9.39E-06
9.36E-06
9.28E-06
9.17E-06
9.07E-06
8.99E-06
8.96E-06
8.96E-06
9.04E-06
9.21E-06
9.46E-06
9.79E-06
1.02E-05
1.07E-05
1.13E-05
1.19E-05
1.25E-05
1.30E-05
1.36E-05
1.40E-05
1.44E-05
1.47E-05
1.50E-05
1.51E-05
1.52E-05
1.52E-05
1.51E-05
1.51E-05
1.51E-05
1.51E-05
1.51E-05
1.52E-05
1.55E-05
1.58E-05
1.63E-05
1.68E-05
1.73E-05
1.79E-05
1.84E-05
1.90E-05
1.97E-05
2.06E-05
2.16E-05
2.28E-05
2.39E-05
2.49E-05
2.56E-05
2.61E-05
2.66E-05
2.69E-05
2.72E-05
2.73E-05
2.74E-05
2.75E-05
2.77E-05
2.81E-05
2.88E-05
2.95E-05
3.03E-05
3.11E-05
3.18E-05
3.25E-05
3.31E-05
3.40E-05
3.54E-05
3.74E-05
3.98E-05
4.27E-05
4.59E-05
4.94E-05
5.31E-05
5.69E-05
6.11E-05
6.56E-05
7.03E-05
7.49E-05
7.96E-05
8.46E-05
9.01E-05
9.61E-05
1.02E-04
0.000108547902256
0.000115221411364
0.000123037666463
0.00013263803138
0.000144200775577
0.000157631673526
0.000173037435543
0.000190888443376
0.000211678564727
0.000235458466366
0.000261936762616
0.000290795602141
0.000321092884028
0.000350642539916
0.000377144222812
0.000399355454094
0.000417381823978
0.00043300878366
0.00044912881074
0.000467643720533
0.000488408436539
0.000511393576994
0.000539189011513
0.000576221439272
0.000625109738331
0.000685154370783
0.000755927167165
0.000839928207546
0.000938974373487
0.001049436921653
0.001164652121727
0.001282310628566
0.001408031787138
0.001546870948443
0.001690770316349
0.001822075147125
0.001930911755495
0.002026125504458
0.002129363140704
0.002262368947556
0.002443467296269
0.002683391647643
0.002976370185137
0.003315032255695
0.003723403806802
0.004261760358151
0.004982464320532
0.005890991939437
0.006976046204911
0.008295191937428
0.010058745919491
0.012672623971518
0.016723305683076
0.022788803345175
0.031169298998531
0.041953105431714
0.055138731796496
0.069940158756848
0.083784721204759
0.092495552091692
0.092478151832509
0.08340491891274
0.068580771802098
0.052584427655042
0.038775950660857
0.028403368512405
0.021087011743656
0.015915670185932
0.012168423863625
0.00944131103004
0.007477829787842
0.006067565351816
0.005050081239479
0.004304744973094
0.003733295219534
0.003276056062096
0.002916596554766
0.002655442671235
0.002473673520664
0.002325103073128
0.002171749060862
0.002005215495076
0.001826921060803
0.001634115300834
0.001434118792538
0.001249366306955
0.001098157264588
0.000978098936322
0.000873186793582
0.000772041151821
0.000675077580158
0.000587825554039
0.000514405067873
0.000455722820154
0.000409340651924
0.000371307776956
0.000338774805004
0.000310300720895
0.000284503174866
0.00025995911611
0.000236282691609
0.00021406047857
0.000193614535512
0.000174734974988
0.000157523401151
0.000142497231826
0.000129726448354
0.000118738722433
0.000109119545076
1.01E-04
9.40E-05
8.86E-05
8.45E-05
8.15E-05
7.92E-05
7.72E-05
7.48E-05
7.21E-05
6.93E-05
6.64E-05
6.37E-05
6.13E-05
5.92E-05
5.71E-05
5.49E-05
5.24E-05
4.99E-05
4.74E-05
4.51E-05
4.29E-05
4.09E-05
3.89E-05
3.70E-05
3.52E-05
3.34E-05
3.16E-05
2.99E-05
2.83E-05
2.69E-05
2.59E-05
2.53E-05
2.49E-05
2.47E-05
2.47E-05
2.46E-05
2.46E-05
2.47E-05
2.47E-05
2.47E-05
2.46E-05
2.44E-05
2.40E-05
2.35E-05
2.27E-05
2.19E-05
2.11E-05
2.02E-05
1.94E-05
1.85E-05
1.76E-05
1.68E-05
1.61E-05
1.55E-05
1.51E-05
1.48E-05
1.46E-05
1.44E-05
1.42E-05
1.40E-05
1.40E-05
1.40E-05
1.41E-05
1.41E-05
1.41E-05
1.42E-05
1.41E-05
1.40E-05
1.38E-05
1.35E-05
1.32E-05
1.27E-05
1.22E-05
1.16E-05
1.11E-05
1.05E-05
9.99E-06
9.50E-06
9.04E-06
8.64E-06
8.33E-06
8.11E-06
8.00E-06
8.00E-06
8.08E-06
8.19E-06
8.29E-06
8.38E-06
8.48E-06
8.60E-06
8.72E-06
8.79E-06
8.83E-06
8.80E-06
8.71E-06
8.56E-06
8.37E-06
8.15E-06
7.91E-06
7.65E-06
7.37E-06
7.09E-06
6.83E-06
6.61E-06
6.45E-06
6.32E-06
6.22E-06
6.15E-06
6.11E-06
6.08E-06
6.08E-06

