0
6.45E-06
6.56E-06
6.65E-06
6.74E-06
6.84E-06
6.97E-06
7.13E-06
7.34E-06
7.58E-06
7.83E-06
8.09E-06
8.31E-06
8.50E-06
8.66E-06
8.84E-06
9.02E-06
9.17E-06
9.28E-06
9.34E-06
9.34E-06
9.27E-06
9.14E-06
9.00E-06
8.89E-06
8.84E-06
8.85E-06
8.92E-06
9.06E-06
9.28E-06
9.56E-06
9.90E-06
1.03E-05
1.08E-05
1.14E-05
1.20E-05
1.26E-05
1.32E-05
1.37E-05
1.41E-05
1.44E-05
1.46E-05
1.48E-05
1.50E-05
1.51E-05
1.52E-05
1.52E-05
1.53E-05
1.52E-05
1.52E-05
1.52E-05
1.53E-05
1.56E-05
1.60E-05
1.65E-05
1.70E-05
1.76E-05
1.81E-05
1.86E-05
1.92E-05
2.00E-05
2.10E-05
2.22E-05
2.33E-05
2.42E-05
2.50E-05
2.57E-05
2.62E-05
2.66E-05
2.70E-05
2.72E-05
2.73E-05
2.74E-05
2.75E-05
2.77E-05
2.82E-05
2.88E-05
2.95E-05
3.02E-05
3.09E-05
3.15E-05
3.21E-05
3.29E-05
3.39E-05
3.54E-05
3.74E-05
4.00E-05
4.30E-05
4.62E-05
4.96E-05
5.32E-05
5.72E-05
6.16E-05
6.61E-05
7.07E-05
7.54E-05
8.03E-05
8.55E-05
9.11E-05
9.70E-05
1.03E-04
0.000109316670783
0.000116192469153
0.000124264467652
0.000134174053304
0.000146101069185
0.000159850227939
0.000175434452078
0.000193432508962
0.0002145556955
0.000238886160839
0.00026591654657
0.00029498241694
0.000324966946536
0.000353883818317
0.000379627863363
0.000400991251236
0.000418326944296
0.000433738137235
0.000449898442448
0.000468230227227
0.000488780125382
0.000512254462559
0.000541388800558
0.000579943549823
0.000630020127962
0.000690997237082
0.000762839657942
0.000848025132458
0.000947757082307
0.001057962208676
0.001172225618881
0.001289148270439
0.001414950460544
0.001554077943057
0.001696981080604
0.001824814011879
0.001928103965577
0.002017669984796
0.002117695308382
0.002251809532358
0.002437376656763
0.002680817832413
0.00297344409278
0.003310082837036
0.00371804858536
0.004257665984263
0.00497859553196
0.005884002539183
0.006964127179327
0.008280702555114
0.01004583280582
0.012665311900573
0.016725315806233
0.022799438006099
0.031182400650514
0.041963118721334
0.055138321635163
0.069911535674008
0.083714900792086
0.09240545065362
0.092414934616697
0.083393353455273
0.068605942665502
0.052619401694055
0.03880356491726
0.028418659592524
0.021092094306651
0.015914378656926
0.01216430415538
0.009438077804662
0.007478533838909
0.006072765603257
0.005057855176876
0.004312877877221
0.003739856111167
0.003279306793308
0.002915470882298
0.002650112292967
0.002465914218298
0.002317350976805
0.002165572259835
0.00200145513032
0.001826796480257
0.001638648282921
0.001442299727099
0.00125848474625
0.001106319226201
0.000985430156299
0.000881003677266
0.000780762321751
0.000683307537594
0.000593852954344
0.00051762604311
0.00045675589807
0.00040929439012
0.00037112102601
0.000338976257258
0.000311026877795
0.000285656145909
0.000261357289425
0.000237821997707
0.000215752984236
0.000195529711432
0.000176921429501
0.000159887285335
0.000144804050255
0.000131783596606
0.000120555384335
0.000110798340821
0.000102331960887
9.52E-05
8.94E-05
8.51E-05
8.20E-05
7.98E-05
7.77E-05
7.52E-05
7.24E-05
6.94E-05
6.66E-05
6.39E-05
6.15E-05
5.94E-05
5.72E-05
5.48E-05
5.22E-05
4.96E-05
4.71E-05
4.49E-05
4.28E-05
4.09E-05
3.91E-05
3.72E-05
3.54E-05
3.36E-05
3.19E-05
3.02E-05
2.87E-05
2.75E-05
2.66E-05
2.59E-05
2.53E-05
2.50E-05
2.47E-05
2.45E-05
2.45E-05
2.45E-05
2.45E-05
2.44E-05
2.43E-05
2.41E-05
2.38E-05
2.33E-05
2.27E-05
2.19E-05
2.11E-05
2.02E-05
1.94E-05
1.86E-05
1.78E-05
1.69E-05
1.62E-05
1.55E-05
1.51E-05
1.48E-05
1.45E-05
1.44E-05
1.42E-05
1.41E-05
1.41E-05
1.42E-05
1.43E-05
1.43E-05
1.43E-05
1.43E-05
1.42E-05
1.41E-05
1.39E-05
1.36E-05
1.32E-05
1.27E-05
1.22E-05
1.16E-05
1.11E-05
1.05E-05
9.98E-06
9.48E-06
9.03E-06
8.64E-06
8.34E-06
8.13E-06
8.04E-06
8.03E-06
8.09E-06
8.17E-06
8.28E-06
8.41E-06
8.57E-06
8.74E-06
8.89E-06
8.99E-06
9.01E-06
8.94E-06
8.79E-06
8.60E-06
8.38E-06
8.15E-06
7.91E-06
7.64E-06
7.34E-06
7.05E-06
6.79E-06
6.57E-06
6.39E-06
6.26E-06
6.19E-06
6.17E-06
6.18E-06
6.20E-06
6.20E-06

