0
6.61E-06
6.70E-06
6.75E-06
6.83E-06
6.92E-06
7.03E-06
7.15E-06
7.30E-06
7.49E-06
7.70E-06
7.90E-06
8.09E-06
8.27E-06
8.46E-06
8.67E-06
8.88E-06
9.07E-06
9.21E-06
9.28E-06
9.27E-06
9.22E-06
9.16E-06
9.10E-06
9.06E-06
9.05E-06
9.09E-06
9.18E-06
9.32E-06
9.53E-06
9.81E-06
1.02E-05
1.06E-05
1.11E-05
1.16E-05
1.22E-05
1.28E-05
1.33E-05
1.38E-05
1.41E-05
1.44E-05
1.46E-05
1.48E-05
1.49E-05
1.49E-05
1.50E-05
1.50E-05
1.50E-05
1.50E-05
1.50E-05
1.52E-05
1.53E-05
1.56E-05
1.61E-05
1.66E-05
1.72E-05
1.77E-05
1.83E-05
1.88E-05
1.95E-05
2.03E-05
2.12E-05
2.23E-05
2.33E-05
2.43E-05
2.51E-05
2.57E-05
2.62E-05
2.66E-05
2.69E-05
2.70E-05
2.71E-05
2.72E-05
2.74E-05
2.77E-05
2.82E-05
2.88E-05
2.95E-05
3.02E-05
3.10E-05
3.17E-05
3.23E-05
3.31E-05
3.43E-05
3.60E-05
3.81E-05
4.07E-05
4.35E-05
4.67E-05
5.02E-05
5.40E-05
5.81E-05
6.23E-05
6.67E-05
7.10E-05
7.55E-05
8.03E-05
8.55E-05
9.10E-05
9.67E-05
1.03E-04
0.000108735739615
0.000115540152695
0.00012365614055
0.000133728195644
0.000145868141134
0.00015981053377
0.000175631394739
0.000194020700879
0.000215694570341
0.00024060023383
0.000267996694755
0.000297008624571
0.00032654888514
0.000354862512761
0.000379873637677
0.000400232252396
0.000416530387201
0.000431407856848
0.00044753445614
0.000465794145194
0.000486216742507
0.000510132417094
0.000540460081338
0.00058027901165
0.000631152383151
0.000692777695934
0.00076560834116
0.000851784606085
0.000951709283313
0.001061069402932
0.001173805393662
0.001289525075805
0.001415115670917
0.00155383184548
0.001694267983324
0.00181742720537
0.001916023099299
0.002003554108822
0.002105432728172
0.002244646014079
0.002435951076218
0.002681878924429
0.002972430458349
0.003306037448894
0.00371380343717
0.004255636428843
0.004978291801696
0.005883247456932
0.00696210995164
0.008279525871319
0.010048881026368
0.012676762100199
0.016750321335875
0.022839315067698
0.031232369461959
0.042018521058981
0.055193139874907
0.069948121323348
0.083713671997172
0.092367641414239
0.092364080205741
0.083349014531288
0.068572823837913
0.052596273922054
0.038787707983323
0.02840635736456
0.021081637630717
0.01590617288496
0.012159095300068
0.009435850301011
0.007478430795555
0.006073458205791
0.005058442866523
0.004313291647839
0.003739373808725
0.003276302138163
0.002908531254782
0.002639201006571
0.002453459959999
0.002307173418644
0.00215982579928
0.001999951094218
0.001828858574285
0.001643645211595
0.001448678655956
0.001264254517995
0.001110712926044
0.000989205797102
0.000885309120455
0.000785786639334
0.000688091508014
0.000597364031918
0.000519550048968
0.000457431102368
0.000409218797157
0.000370602838113
0.000338136703769
0.000310119700373
0.000285192975582
0.000261771277446
0.000239122759849
0.000217553801449
0.000197395192363
0.000178625177472
0.00016137415203
0.000146089550251
0.000132971742912
0.000121748342401
0.000111963677609
1.03E-04
9.60E-05
9.01E-05
8.56E-05
8.23E-05
7.99E-05
7.78E-05
7.54E-05
7.26E-05
6.96E-05
6.66E-05
6.38E-05
6.14E-05
5.92E-05
5.70E-05
5.48E-05
5.24E-05
5.00E-05
4.76E-05
4.53E-05
4.33E-05
4.14E-05
3.96E-05
3.78E-05
3.60E-05
3.43E-05
3.27E-05
3.12E-05
2.97E-05
2.83E-05
2.71E-05
2.61E-05
2.53E-05
2.47E-05
2.44E-05
2.43E-05
2.43E-05
2.44E-05
2.45E-05
2.44E-05
2.42E-05
2.39E-05
2.36E-05
2.32E-05
2.26E-05
2.19E-05
2.11E-05
2.02E-05
1.94E-05
1.85E-05
1.78E-05
1.71E-05
1.64E-05
1.58E-05
1.54E-05
1.52E-05
1.50E-05
1.48E-05
1.45E-05
1.43E-05
1.41E-05
1.41E-05
1.41E-05
1.41E-05
1.41E-05
1.40E-05
1.39E-05
1.38E-05
1.37E-05
1.35E-05
1.32E-05
1.27E-05
1.22E-05
1.16E-05
1.11E-05
1.05E-05
1.00E-05
9.62E-06
9.27E-06
8.97E-06
8.69E-06
8.47E-06
8.32E-06
8.25E-06
8.25E-06
8.30E-06
8.41E-06
8.55E-06
8.68E-06
8.80E-06
8.90E-06
8.95E-06
8.92E-06
8.81E-06
8.65E-06
8.45E-06
8.22E-06
7.95E-06
7.66E-06
7.34E-06
7.02E-06
6.74E-06
6.52E-06
6.34E-06
6.23E-06
6.16E-06
6.13E-06
6.13E-06
6.15E-06
6.16E-06
6.18E-06

