0
6.73E-06
6.81E-06
6.86E-06
6.94E-06
7.02E-06
7.10E-06
7.21E-06
7.34E-06
7.51E-06
7.69E-06
7.88E-06
8.07E-06
8.29E-06
8.52E-06
8.75E-06
8.95E-06
9.08E-06
9.16E-06
9.20E-06
9.22E-06
9.23E-06
9.27E-06
9.30E-06
9.32E-06
9.35E-06
9.41E-06
9.51E-06
9.67E-06
9.87E-06
1.01E-05
1.05E-05
1.09E-05
1.14E-05
1.19E-05
1.24E-05
1.29E-05
1.34E-05
1.38E-05
1.41E-05
1.43E-05
1.46E-05
1.47E-05
1.48E-05
1.49E-05
1.50E-05
1.50E-05
1.51E-05
1.52E-05
1.53E-05
1.55E-05
1.57E-05
1.61E-05
1.65E-05
1.71E-05
1.76E-05
1.81E-05
1.86E-05
1.91E-05
1.97E-05
2.05E-05
2.15E-05
2.25E-05
2.35E-05
2.44E-05
2.51E-05
2.57E-05
2.61E-05
2.65E-05
2.67E-05
2.68E-05
2.68E-05
2.68E-05
2.70E-05
2.73E-05
2.78E-05
2.85E-05
2.92E-05
3.01E-05
3.10E-05
3.17E-05
3.25E-05
3.34E-05
3.47E-05
3.65E-05
3.87E-05
4.13E-05
4.43E-05
4.76E-05
5.11E-05
5.49E-05
5.88E-05
6.30E-05
6.72E-05
7.14E-05
7.58E-05
8.05E-05
8.56E-05
9.12E-05
9.70E-05
1.03E-04
0.000109071680873
0.000116048619006
0.000124533078079
0.000134941858335
0.000147203177148
0.000161185553897
0.00017725285368
0.000196132296387
0.00021820056286
0.000243061236183
0.000269999148402
0.000298288241612
0.000326768801153
0.00035362663247
0.000377090569063
0.000396414661521
0.000412533647455
0.000427826402457
0.000444393114253
0.000462836209628
0.000483424186936
0.000507836276722
0.000539004078267
0.00057975669202
0.000631548808071
0.000694202440691
0.000768350065887
0.000855992268613
0.000956920242714
0.001066244766456
0.001177996414951
0.001292991570012
0.001419046105156
0.001558177529263
0.001696700923864
0.001814977927382
0.001907971243282
0.001992265635505
0.002094747496108
0.002237848454797
0.002434189962112
0.002683147164881
0.002973141605329
0.003305145633987
0.003713616093386
0.004258364620574
0.004983720884163
0.005889388954573
0.006967013029071
0.008282174848392
0.010048042867649
0.012671488994957
0.016741677985073
0.022828410650635
0.031218169439214
0.041999308304981
0.055166064281377
0.069908669460468
0.083666072144694
0.092335681014799
0.092376617849348
0.083407554332808
0.068649680035844
0.052663657842542
0.038832160765657
0.028426094271598
0.021082009294483
0.015895552490888
0.012144590868243
0.009421857934666
0.007467058569548
0.006064928614665
0.005052117308046
0.004308471927122
0.003734547734453
0.003269313464736
0.002898072190575
0.002625910633882
0.002440108442859
0.002296811277636
0.002153291705126
0.001996332412763
0.001827718451661
0.001644999213856
0.001451588026493
0.001266764754372
0.001111237870269
0.000987893240552
0.000883790490361
0.00078572979574
0.000690026657828
0.000600516272958
0.000522588094372
0.000459593457488
0.00041075622916
0.000372081870495
0.000339549879686
0.00031101823664
0.000285402462452
0.000261599966646
0.000239020269892
0.000217803020808
0.000198068664549
0.000179589898448
0.00016236944716
0.000146926762915
0.000133693285733
0.000122480234282
0.000112739302004
0.000104156835977
9.69E-05
9.09E-05
8.62E-05
8.25E-05
7.98E-05
7.75E-05
7.52E-05
7.25E-05
6.96E-05
6.65E-05
6.36E-05
6.10E-05
5.87E-05
5.65E-05
5.44E-05
5.22E-05
4.99E-05
4.77E-05
4.56E-05
4.36E-05
4.17E-05
3.99E-05
3.81E-05
3.64E-05
3.47E-05
3.31E-05
3.16E-05
3.01E-05
2.86E-05
2.74E-05
2.64E-05
2.56E-05
2.51E-05
2.47E-05
2.45E-05
2.44E-05
2.44E-05
2.44E-05
2.43E-05
2.41E-05
2.39E-05
2.36E-05
2.32E-05
2.27E-05
2.20E-05
2.13E-05
2.05E-05
1.97E-05
1.90E-05
1.83E-05
1.75E-05
1.68E-05
1.62E-05
1.57E-05
1.54E-05
1.52E-05
1.50E-05
1.47E-05
1.45E-05
1.44E-05
1.43E-05
1.43E-05
1.43E-05
1.42E-05
1.40E-05
1.39E-05
1.37E-05
1.35E-05
1.34E-05
1.31E-05
1.28E-05
1.24E-05
1.19E-05
1.14E-05
1.08E-05
1.03E-05
9.90E-06
9.53E-06
9.22E-06
8.96E-06
8.76E-06
8.63E-06
8.55E-06
8.52E-06
8.56E-06
8.65E-06
8.77E-06
8.87E-06
8.93E-06
8.95E-06
8.93E-06
8.87E-06
8.75E-06
8.56E-06
8.32E-06
8.06E-06
7.81E-06
7.56E-06
7.31E-06
7.04E-06
6.77E-06
6.54E-06
6.36E-06
6.24E-06
6.17E-06
6.14E-06
6.14E-06
6.18E-06
6.23E-06
6.26E-06

