0
6.78E-06
6.82E-06
6.83E-06
6.83E-06
6.85E-06
6.92E-06
7.04E-06
7.18E-06
7.33E-06
7.48E-06
7.63E-06
7.80E-06
8.00E-06
8.24E-06
8.49E-06
8.74E-06
8.97E-06
9.16E-06
9.28E-06
9.32E-06
9.30E-06
9.29E-06
9.29E-06
9.30E-06
9.31E-06
9.35E-06
9.45E-06
9.61E-06
9.84E-06
1.01E-05
1.05E-05
1.09E-05
1.14E-05
1.19E-05
1.24E-05
1.29E-05
1.33E-05
1.36E-05
1.39E-05
1.41E-05
1.43E-05
1.45E-05
1.47E-05
1.48E-05
1.49E-05
1.49E-05
1.50E-05
1.51E-05
1.52E-05
1.55E-05
1.58E-05
1.63E-05
1.67E-05
1.71E-05
1.76E-05
1.79E-05
1.83E-05
1.88E-05
1.94E-05
2.02E-05
2.12E-05
2.21E-05
2.30E-05
2.38E-05
2.45E-05
2.51E-05
2.55E-05
2.59E-05
2.61E-05
2.62E-05
2.62E-05
2.62E-05
2.63E-05
2.66E-05
2.71E-05
2.77E-05
2.82E-05
2.88E-05
2.94E-05
3.01E-05
3.09E-05
3.21E-05
3.36E-05
3.55E-05
3.78E-05
4.03E-05
4.31E-05
4.62E-05
4.95E-05
5.31E-05
5.71E-05
6.15E-05
6.59E-05
7.02E-05
7.45E-05
7.90E-05
8.40E-05
8.94E-05
9.51E-05
1.01E-04
0.000107421771484
0.000114678657256
0.000123494738986
0.000134118778302
0.000146464494632
0.000160564024198
0.000176863482353
0.000196007145183
0.000218199375309
0.000242950765133
0.000269642071316
0.000297576901428
0.000325296978645
0.000350757881667
0.000372526297404
0.000390643535386
0.000406669761656
0.000422820161531
0.000440476485485
0.000459806067025
0.000481076340846
0.000506115896048
0.000538131659173
0.00058013499423
0.000633266728796
0.000696825568838
0.00077140575973
0.000859250801958
0.00095978497205
0.001067317798635
0.001176021037388
0.001288518724516
0.001414052526101
0.001553230155201
0.001689614732797
0.001802935571773
0.001890946550457
0.001973974771335
0.002080068185162
0.002229170551023
0.002430338483571
0.002680468746551
0.002967797932059
0.003296125541185
0.0037032600937
0.004249099092269
0.004975369090574
0.005880385254929
0.00695752604476
0.00827583005434
0.010050436713972
0.01268989793653
0.016785356277647
0.022903433183333
0.031325242665002
0.042140606289087
0.055342178229635
0.070100439943746
0.083832188181358
0.092434088923283
0.092390911176872
0.083348561770644
0.068546882192988
0.052551909693473
0.038736330398168
0.028352208507193
0.021025640728752
0.015850779015262
0.012107716437434
0.009391803434237
0.007443892487628
0.006047341047766
0.005037378953241
0.004294915316696
0.003721771786871
0.003256321515134
0.002882829946772
0.002607296508163
0.00241976273412
0.002278133314916
0.002138692336761
0.00198634067333
0.001822151329286
0.001643408092871
0.001452556032114
0.001268229901263
0.001112055886918
0.000988599963311
0.000885385319562
0.000788616302298
0.000693898249037
0.000604523760682
0.00052566918046
0.000461208017215
0.000411443995979
0.000372802094837
0.000340627146096
0.00031210338503
0.000286172451384
0.000262118634994
0.000239494553847
0.000218273481317
0.000198452587382
0.000179779664852
0.000162215264113
0.00014635223676
0.000132849041692
0.000121604665985
0.000111960182763
0.0001034724211
9.62E-05
9.03E-05
8.56E-05
8.19E-05
7.90E-05
7.67E-05
7.44E-05
7.19E-05
6.92E-05
6.64E-05
6.35E-05
6.09E-05
5.87E-05
5.67E-05
5.47E-05
5.25E-05
5.02E-05
4.78E-05
4.56E-05
4.35E-05
4.18E-05
4.01E-05
3.84E-05
3.66E-05
3.50E-05
3.35E-05
3.21E-05
3.07E-05
2.94E-05
2.82E-05
2.71E-05
2.62E-05
2.55E-05
2.50E-05
2.45E-05
2.43E-05
2.42E-05
2.42E-05
2.42E-05
2.41E-05
2.39E-05
2.36E-05
2.31E-05
2.26E-05
2.19E-05
2.12E-05
2.04E-05
1.97E-05
1.89E-05
1.82E-05
1.74E-05
1.67E-05
1.61E-05
1.56E-05
1.53E-05
1.51E-05
1.50E-05
1.49E-05
1.47E-05
1.44E-05
1.43E-05
1.42E-05
1.41E-05
1.41E-05
1.40E-05
1.39E-05
1.37E-05
1.35E-05
1.34E-05
1.31E-05
1.28E-05
1.23E-05
1.18E-05
1.13E-05
1.08E-05
1.03E-05
9.90E-06
9.49E-06
9.16E-06
8.92E-06
8.76E-06
8.64E-06
8.57E-06
8.55E-06
8.60E-06
8.68E-06
8.75E-06
8.79E-06
8.82E-06
8.84E-06
8.82E-06
8.76E-06
8.64E-06
8.47E-06
8.28E-06
8.06E-06
7.83E-06
7.58E-06
7.34E-06
7.10E-06
6.87E-06
6.66E-06
6.49E-06
6.36E-06
6.27E-06
6.25E-06
6.28E-06
6.35E-06
6.42E-06
6.48E-06

