0
6.87E-06
6.90E-06
6.91E-06
6.94E-06
6.99E-06
7.08E-06
7.18E-06
7.29E-06
7.40E-06
7.52E-06
7.64E-06
7.80E-06
8.01E-06
8.26E-06
8.51E-06
8.71E-06
8.85E-06
8.93E-06
8.96E-06
8.98E-06
9.01E-06
9.06E-06
9.14E-06
9.25E-06
9.41E-06
9.57E-06
9.75E-06
9.93E-06
1.02E-05
1.04E-05
1.08E-05
1.12E-05
1.16E-05
1.21E-05
1.26E-05
1.30E-05
1.34E-05
1.37E-05
1.39E-05
1.41E-05
1.43E-05
1.44E-05
1.46E-05
1.46E-05
1.47E-05
1.49E-05
1.50E-05
1.52E-05
1.55E-05
1.58E-05
1.62E-05
1.66E-05
1.70E-05
1.74E-05
1.78E-05
1.82E-05
1.86E-05
1.91E-05
1.98E-05
2.06E-05
2.15E-05
2.25E-05
2.33E-05
2.40E-05
2.46E-05
2.50E-05
2.54E-05
2.58E-05
2.60E-05
2.62E-05
2.62E-05
2.62E-05
2.64E-05
2.68E-05
2.73E-05
2.79E-05
2.85E-05
2.91E-05
2.97E-05
3.05E-05
3.13E-05
3.24E-05
3.39E-05
3.58E-05
3.80E-05
4.06E-05
4.34E-05
4.64E-05
4.97E-05
5.33E-05
5.72E-05
6.13E-05
6.55E-05
6.98E-05
7.41E-05
7.87E-05
8.38E-05
8.93E-05
9.50E-05
1.01E-04
0.000106870609744
0.000114071127692
0.000122963845231
0.000133720053523
0.000146252292392
0.00016066314443
0.000177363559023
0.000196831185825
0.000219203685099
0.000244148675725
0.000271182529398
0.000299426394512
0.000327057562424
0.000352052690442
0.000373261600337
0.000390864211686
0.00040651507914
0.000422469364423
0.000440017765769
0.00045922812224
0.000480352021296
0.000505350916378
0.000537712353258
0.000580589261995
0.000634828181667
0.000699297242523
0.000774518226231
0.000862886234231
0.00096362679625
0.001070645207175
0.001178468906934
0.001290785346315
0.001416878629374
0.001555542501827
0.00168848489778
0.001795902489184
0.001878661340736
0.001960321322814
0.002069259162991
0.002222763481552
0.002427136304455
0.002677804579108
0.002962685592076
0.003287250459815
0.003692128584072
0.004238005285695
0.004965305903333
0.005871169694248
0.006948949524417
0.008268861879379
0.010046811986949
0.012691186752155
0.01679193835105
0.022913067185974
0.031335095713162
0.042152774573991
0.055361344283335
0.070125058551387
0.083856698115495
0.09245639637638
0.092410999794114
0.083360742843769
0.068545836330502
0.052541720453533
0.038724108308255
0.028339932470143
0.021013380166246
0.015840704055346
0.012102320319981
0.009391314868066
0.007447136665801
0.006053034977752
0.005044140274269
0.004301725072464
0.003727801062635
0.003259708860691
0.002880873395957
0.002598619422273
0.002406095250869
0.002263121304761
0.002125253064279
0.001975936217953
0.001815750152931
0.00164138919777
0.001453529476899
0.001269421395374
0.001111717308282
0.000987331133516
0.000884706847644
0.000789342277326
0.000695840542757
0.00060703411062
0.000527971579411
0.000462641227425
0.00041197345262
0.000373040801109
0.000341238957468
0.000313278925167
0.000287727963906
0.000263900117493
0.000241441039427
0.000220284362578
0.000200457023828
0.000181751154163
0.000164000586307
0.000147736544466
0.00013378373374
0.000122200593529
0.000112343929696
0.000103676005622
9.61E-05
8.99E-05
8.48E-05
8.09E-05
7.80E-05
7.59E-05
7.40E-05
7.19E-05
6.94E-05
6.67E-05
6.40E-05
6.13E-05
5.90E-05
5.69E-05
5.48E-05
5.26E-05
5.02E-05
4.78E-05
4.55E-05
4.34E-05
4.16E-05
3.99E-05
3.82E-05
3.65E-05
3.50E-05
3.35E-05
3.22E-05
3.09E-05
2.96E-05
2.83E-05
2.71E-05
2.60E-05
2.52E-05
2.47E-05
2.43E-05
2.41E-05
2.40E-05
2.41E-05
2.41E-05
2.40E-05
2.39E-05
2.36E-05
2.33E-05
2.28E-05
2.22E-05
2.16E-05
2.09E-05
2.01E-05
1.93E-05
1.85E-05
1.78E-05
1.70E-05
1.64E-05
1.59E-05
1.55E-05
1.53E-05
1.51E-05
1.50E-05
1.48E-05
1.45E-05
1.43E-05
1.41E-05
1.40E-05
1.39E-05
1.39E-05
1.39E-05
1.38E-05
1.37E-05
1.36E-05
1.33E-05
1.30E-05
1.25E-05
1.21E-05
1.16E-05
1.11E-05
1.06E-05
1.01E-05
9.75E-06
9.42E-06
9.12E-06
8.87E-06
8.66E-06
8.53E-06
8.48E-06
8.50E-06
8.57E-06
8.66E-06
8.72E-06
8.74E-06
8.70E-06
8.64E-06
8.58E-06
8.54E-06
8.49E-06
8.38E-06
8.20E-06
7.96E-06
7.70E-06
7.45E-06
7.20E-06
6.96E-06
6.74E-06
6.54E-06
6.40E-06
6.32E-06
6.29E-06
6.29E-06
6.30E-06
6.30E-06
6.31E-06

