0
6.86E-06
6.87E-06
6.86E-06
6.88E-06
6.91E-06
6.96E-06
7.01E-06
7.09E-06
7.21E-06
7.37E-06
7.53E-06
7.70E-06
7.89E-06
8.13E-06
8.39E-06
8.64E-06
8.84E-06
8.97E-06
9.07E-06
9.16E-06
9.24E-06
9.31E-06
9.35E-06
9.38E-06
9.44E-06
9.55E-06
9.71E-06
9.91E-06
1.01E-05
1.04E-05
1.07E-05
1.11E-05
1.15E-05
1.19E-05
1.23E-05
1.26E-05
1.30E-05
1.34E-05
1.37E-05
1.40E-05
1.42E-05
1.43E-05
1.45E-05
1.46E-05
1.48E-05
1.49E-05
1.50E-05
1.52E-05
1.55E-05
1.58E-05
1.62E-05
1.67E-05
1.71E-05
1.75E-05
1.78E-05
1.81E-05
1.85E-05
1.89E-05
1.95E-05
2.03E-05
2.13E-05
2.22E-05
2.29E-05
2.35E-05
2.41E-05
2.46E-05
2.50E-05
2.53E-05
2.55E-05
2.57E-05
2.58E-05
2.60E-05
2.64E-05
2.68E-05
2.74E-05
2.80E-05
2.86E-05
2.92E-05
2.98E-05
3.05E-05
3.13E-05
3.24E-05
3.40E-05
3.59E-05
3.83E-05
4.09E-05
4.38E-05
4.70E-05
5.03E-05
5.40E-05
5.79E-05
6.20E-05
6.61E-05
7.03E-05
7.48E-05
7.96E-05
8.47E-05
9.02E-05
9.59E-05
1.02E-04
0.000108081294019
0.000115579346363
0.000124857073267
0.000136077734949
0.000149070952421
0.000163815013556
0.000180644521847
0.000199995914724
0.000221993287763
0.000246474349298
0.000273140130683
0.000300976624334
0.000327920873712
0.000352009294712
0.000372290730048
0.000389002778753
0.00040390228676
0.000419649553634
0.000437787428696
0.000457871255732
0.000479488553517
0.000504741263554
0.000537873934678
0.000582228685525
0.000638008268928
0.000703732851771
0.000780188888598
0.000869952135337
0.000971786924653
0.001078977902566
0.0011864329441
0.00129887673059
0.001425235168444
0.001562277158864
0.001690796903738
0.001792908813892
0.001872418655935
0.001954366134459
0.002066121543775
0.002222635132199
0.002428748579667
0.00267921460712
0.002961411589857
0.003281922065682
0.003684496969354
0.004231410416424
0.00496167491137
0.00587024004706
0.006949416370781
0.008269902550822
0.010047806992091
0.012690459842321
0.016785847705239
0.022895961824503
0.031301035198692
0.04209953162531
0.055293308082307
0.070054875932152
0.083808080481617
0.092457485766672
0.092470996020132
0.083454780916865
0.06863527818675
0.052604555357679
0.038756603975327
0.028344656174008
0.020996411092866
0.015812462109893
0.012073211704754
0.009367650954915
0.007431566090743
0.006045681736175
0.005043089923081
0.004304528067574
0.003731951125496
0.003261964591863
0.002878639037836
0.002591685958916
0.002396449035971
0.002253312232858
0.002117058566529
0.001970109515317
0.00181288852561
0.001642175824506
0.00145718226192
0.001273460226736
0.00111427052343
0.000988711390149
0.000886314615587
0.000791853341875
0.000698967791467
0.00061050842162
0.000531608591789
0.000465949471061
0.000414597074616
0.000375131035017
0.000343119699712
0.000315047566415
0.000289347974549
0.000265352762695
0.000242663450503
0.00022124236912
0.000201295129604
0.000182732399202
0.000165236516237
0.00014902002511
0.000134784629172
0.0001228005756
0.000112730311024
0.000104133757592
9.68E-05
9.06E-05
8.55E-05
8.15E-05
7.86E-05
7.65E-05
7.45E-05
7.23E-05
6.96E-05
6.68E-05
6.41E-05
6.15E-05
5.92E-05
5.71E-05
5.50E-05
5.29E-05
5.07E-05
4.84E-05
4.62E-05
4.41E-05
4.23E-05
4.05E-05
3.87E-05
3.69E-05
3.51E-05
3.34E-05
3.18E-05
3.05E-05
2.92E-05
2.81E-05
2.70E-05
2.61E-05
2.52E-05
2.46E-05
2.41E-05
2.39E-05
2.38E-05
2.39E-05
2.40E-05
2.40E-05
2.38E-05
2.35E-05
2.31E-05
2.27E-05
2.21E-05
2.16E-05
2.09E-05
2.02E-05
1.94E-05
1.87E-05
1.79E-05
1.72E-05
1.65E-05
1.59E-05
1.55E-05
1.52E-05
1.51E-05
1.49E-05
1.46E-05
1.43E-05
1.41E-05
1.40E-05
1.39E-05
1.39E-05
1.39E-05
1.38E-05
1.37E-05
1.36E-05
1.35E-05
1.33E-05
1.30E-05
1.27E-05
1.23E-05
1.18E-05
1.13E-05
1.09E-05
1.04E-05
9.96E-06
9.56E-06
9.22E-06
8.93E-06
8.70E-06
8.53E-06
8.43E-06
8.41E-06
8.45E-06
8.52E-06
8.58E-06
8.59E-06
8.58E-06
8.56E-06
8.54E-06
8.51E-06
8.44E-06
8.32E-06
8.15E-06
7.94E-06
7.69E-06
7.42E-06
7.15E-06
6.92E-06
6.73E-06
6.60E-06
6.51E-06
6.46E-06
6.43E-06
6.43E-06
6.44E-06
6.44E-06
6.42E-06

