0
6.87E-06
6.89E-06
6.88E-06
6.88E-06
6.87E-06
6.88E-06
6.92E-06
7.02E-06
7.17E-06
7.35E-06
7.53E-06
7.72E-06
7.92E-06
8.15E-06
8.38E-06
8.61E-06
8.82E-06
9.00E-06
9.15E-06
9.28E-06
9.37E-06
9.44E-06
9.50E-06
9.56E-06
9.64E-06
9.75E-06
9.91E-06
1.01E-05
1.03E-05
1.06E-05
1.09E-05
1.12E-05
1.15E-05
1.18E-05
1.22E-05
1.26E-05
1.29E-05
1.33E-05
1.36E-05
1.38E-05
1.40E-05
1.42E-05
1.44E-05
1.46E-05
1.47E-05
1.49E-05
1.51E-05
1.54E-05
1.57E-05
1.61E-05
1.65E-05
1.70E-05
1.74E-05
1.78E-05
1.81E-05
1.83E-05
1.86E-05
1.90E-05
1.97E-05
2.05E-05
2.14E-05
2.23E-05
2.30E-05
2.36E-05
2.41E-05
2.46E-05
2.50E-05
2.54E-05
2.57E-05
2.60E-05
2.62E-05
2.65E-05
2.67E-05
2.71E-05
2.76E-05
2.82E-05
2.89E-05
2.96E-05
3.03E-05
3.11E-05
3.20E-05
3.31E-05
3.45E-05
3.62E-05
3.84E-05
4.11E-05
4.40E-05
4.72E-05
5.05E-05
5.40E-05
5.77E-05
6.16E-05
6.57E-05
6.99E-05
7.44E-05
7.94E-05
8.48E-05
9.03E-05
9.60E-05
1.02E-04
0.000108389649056
0.000116039432347
0.000125393020285
0.000136598660556
0.000149519865539
0.000164211984159
0.000181155383221
0.000200893731018
0.000223439224782
0.000248331619183
0.000275010174243
0.00030244966386
0.000328799253147
0.000352223211779
0.000371742560287
0.000387638220074
0.000401813916696
0.000417085041169
0.000435046219291
0.000455132565133
0.000476928970743
0.00050281477673
0.000537206910206
0.000582868314242
0.000639066798414
0.000704482731302
0.00078089539622
0.000871183209443
0.00097342335165
0.001080376637549
0.00118749427365
0.001300242255785
0.00142683400222
0.001562310937767
0.001687147434442
0.001785551361431
0.00186365428633
0.001946801155897
0.002060629319881
0.002218279521182
0.002424232090316
0.002673535156087
0.002953757497279
0.003272235227755
0.003674415059358
0.004222695033808
0.004953645146621
0.005860478013757
0.006936853931774
0.008255802985164
0.010033895162801
0.01267812307368
0.016776848333989
0.022892551488483
0.031306208205528
0.042118062025903
0.05532942667052
0.070107973732223
0.083871672596534
0.092519525990547
0.09251728665641
0.083474881009838
0.06863023685327
0.052585450134985
0.03873335113775
0.028320254488291
0.020972650520611
0.015793021378527
0.012060963826064
0.009362562424593
0.007431371995746
0.006047159677845
0.005043330212397
0.004302988745757
0.003730208809171
0.003260402540357
0.002875586812613
0.0025855044299
0.002387433599335
0.002243731580062
0.0021093916829
0.001965209342026
0.001810504089589
0.001642388351841
0.001459585981816
0.001276469007156
0.001116564593814
0.000990589973167
0.000888952727134
0.000795463223793
0.000702676162711
0.000613680835836
0.000534180704434
0.000467950687106
0.000415957599686
0.000375749202651
0.000342982552505
0.000314363701636
0.000288507454488
0.000264629630494
0.000242072535145
0.000220790028452
0.00020111672557
0.000182955247521
0.000165821570854
0.000149713047434
0.000135273153136
0.000122931851904
0.000112540441812
0.000103667856369
9.60E-05
8.95E-05
8.42E-05
8.01E-05
7.72E-05
7.51E-05
7.33E-05
7.13E-05
6.90E-05
6.65E-05
6.40E-05
6.17E-05
5.95E-05
5.75E-05
5.55E-05
5.35E-05
5.12E-05
4.89E-05
4.66E-05
4.45E-05
4.25E-05
4.07E-05
3.90E-05
3.72E-05
3.54E-05
3.37E-05
3.21E-05
3.06E-05
2.93E-05
2.81E-05
2.70E-05
2.60E-05
2.52E-05
2.45E-05
2.41E-05
2.38E-05
2.37E-05
2.38E-05
2.38E-05
2.38E-05
2.37E-05
2.35E-05
2.33E-05
2.28E-05
2.23E-05
2.17E-05
2.10E-05
2.03E-05
1.95E-05
1.86E-05
1.78E-05
1.70E-05
1.63E-05
1.57E-05
1.53E-05
1.50E-05
1.48E-05
1.46E-05
1.44E-05
1.41E-05
1.39E-05
1.38E-05
1.38E-05
1.38E-05
1.38E-05
1.37E-05
1.36E-05
1.35E-05
1.34E-05
1.32E-05
1.30E-05
1.28E-05
1.24E-05
1.20E-05
1.16E-05
1.11E-05
1.06E-05
1.01E-05
9.69E-06
9.36E-06
9.09E-06
8.87E-06
8.70E-06
8.58E-06
8.52E-06
8.53E-06
8.57E-06
8.63E-06
8.68E-06
8.70E-06
8.70E-06
8.68E-06
8.63E-06
8.53E-06
8.37E-06
8.15E-06
7.90E-06
7.66E-06
7.45E-06
7.26E-06
7.08E-06
6.91E-06
6.76E-06
6.65E-06
6.57E-06
6.54E-06
6.52E-06
6.50E-06
6.47E-06
6.44E-06

