0
6.82E-06
6.80E-06
6.75E-06
6.69E-06
6.67E-06
6.70E-06
6.79E-06
6.90E-06
7.04E-06
7.21E-06
7.42E-06
7.68E-06
7.97E-06
8.26E-06
8.51E-06
8.73E-06
8.92E-06
9.09E-06
9.25E-06
9.38E-06
9.50E-06
9.59E-06
9.67E-06
9.74E-06
9.82E-06
9.92E-06
1.01E-05
1.02E-05
1.04E-05
1.07E-05
1.11E-05
1.14E-05
1.18E-05
1.21E-05
1.24E-05
1.28E-05
1.31E-05
1.33E-05
1.36E-05
1.39E-05
1.41E-05
1.43E-05
1.45E-05
1.47E-05
1.49E-05
1.52E-05
1.54E-05
1.57E-05
1.60E-05
1.64E-05
1.69E-05
1.73E-05
1.77E-05
1.80E-05
1.82E-05
1.85E-05
1.88E-05
1.94E-05
2.00E-05
2.08E-05
2.17E-05
2.24E-05
2.31E-05
2.37E-05
2.42E-05
2.47E-05
2.50E-05
2.54E-05
2.57E-05
2.60E-05
2.63E-05
2.67E-05
2.72E-05
2.78E-05
2.83E-05
2.89E-05
2.95E-05
3.02E-05
3.08E-05
3.15E-05
3.23E-05
3.34E-05
3.48E-05
3.67E-05
3.89E-05
4.15E-05
4.43E-05
4.74E-05
5.07E-05
5.44E-05
5.83E-05
6.22E-05
6.62E-05
7.02E-05
7.47E-05
7.96E-05
8.50E-05
9.06E-05
9.63E-05
1.02E-04
0.00010870727448
0.000116559301794
0.000126128082855
0.000137408427685
0.000150258527898
0.000164893203466
0.000181932750427
0.000201904948177
0.000224709797572
0.000249718398618
0.000276168308426
0.000303052260927
0.000328797226384
0.000351679042894
0.000370637639272
0.00038613541687
0.000400416426702
0.000416222453762
0.000434737295217
0.000455265470336
0.000477615572244
0.000504266671768
0.000539472411475
0.000585665427173
0.00064190043407
0.000707357483486
0.000784452519351
0.000875724446232
0.000978252143901
0.0010845726215
0.00119094275658
0.001303491947105
0.001429849121908
0.001563846128026
0.001686092385631
0.001782490438991
0.001860346654517
0.001944498322902
0.002058989479673
0.002216351452224
0.002421643580781
0.002669835378553
0.002947907552516
0.003263344905991
0.003663117161083
0.004210773095262
0.004941821043273
0.005847698145259
0.006922250831739
0.008240758725064
0.01002124766865
0.012669589249982
0.016771601539898
0.022887843424858
0.031299859699534
0.042112193221526
0.055329930432109
0.07012192409026
0.083907036535511
0.092576851261033
0.092580142620291
0.083518085977198
0.068642118530884
0.052575045813957
0.038714387993785
0.028297850026072
0.02094802935824
0.015769717704429
0.01204245518186
0.009348714018177
0.007419846250227
0.006036003419852
0.00503165194037
0.004291919462061
0.003722182241915
0.003255509345114
0.002871097557017
0.002579110440367
0.002379819417261
0.002237839753298
0.002107458449063
0.001967097838483
0.001815136169601
0.00164910358621
0.001466961371099
0.001282230538008
0.001119470583539
0.000991554690472
0.000890011525505
0.000797591861342
0.000705340043256
0.000616151628364
0.000536269342489
0.000469683390591
0.000417292987773
0.000376717334265
0.000343826733436
0.000315462921418
0.000290113207108
0.000266657668896
0.000244141708799
0.000222560342792
0.000202482249575
0.000183967861252
0.000166615408913
0.000150433488956
0.000135978283389
0.000123612110768
0.000113197417621
0.000104315125092
9.66E-05
9.01E-05
8.49E-05
8.07E-05
7.76E-05
7.53E-05
7.34E-05
7.15E-05
6.93E-05
6.68E-05
6.41E-05
6.16E-05
5.93E-05
5.75E-05
5.58E-05
5.40E-05
5.18E-05
4.94E-05
4.69E-05
4.46E-05
4.26E-05
4.07E-05
3.90E-05
3.73E-05
3.57E-05
3.41E-05
3.27E-05
3.13E-05
2.99E-05
2.86E-05
2.74E-05
2.63E-05
2.54E-05
2.47E-05
2.42E-05
2.40E-05
2.39E-05
2.39E-05
2.40E-05
2.41E-05
2.41E-05
2.39E-05
2.36E-05
2.32E-05
2.27E-05
2.22E-05
2.15E-05
2.07E-05
1.99E-05
1.90E-05
1.82E-05
1.74E-05
1.67E-05
1.61E-05
1.56E-05
1.52E-05
1.50E-05
1.48E-05
1.46E-05
1.44E-05
1.42E-05
1.41E-05
1.41E-05
1.40E-05
1.40E-05
1.40E-05
1.40E-05
1.39E-05
1.38E-05
1.36E-05
1.34E-05
1.31E-05
1.27E-05
1.23E-05
1.18E-05
1.13E-05
1.08E-05
1.03E-05
9.87E-06
9.50E-06
9.20E-06
8.94E-06
8.72E-06
8.57E-06
8.49E-06
8.45E-06
8.44E-06
8.45E-06
8.48E-06
8.52E-06
8.54E-06
8.53E-06
8.46E-06
8.33E-06
8.17E-06
7.98E-06
7.79E-06
7.58E-06
7.37E-06
7.15E-06
6.93E-06
6.74E-06
6.59E-06
6.49E-06
6.43E-06
6.39E-06
6.38E-06
6.39E-06
6.41E-06
6.45E-06

