0
7.07E-06
7.02E-06
6.94E-06
6.87E-06
6.84E-06
6.84E-06
6.89E-06
6.99E-06
7.11E-06
7.27E-06
7.47E-06
7.71E-06
7.97E-06
8.21E-06
8.41E-06
8.59E-06
8.76E-06
8.95E-06
9.14E-06
9.31E-06
9.44E-06
9.53E-06
9.60E-06
9.66E-06
9.73E-06
9.80E-06
9.92E-06
1.01E-05
1.03E-05
1.07E-05
1.10E-05
1.14E-05
1.18E-05
1.21E-05
1.25E-05
1.28E-05
1.30E-05
1.33E-05
1.36E-05
1.39E-05
1.42E-05
1.45E-05
1.46E-05
1.48E-05
1.49E-05
1.51E-05
1.54E-05
1.57E-05
1.61E-05
1.66E-05
1.70E-05
1.74E-05
1.78E-05
1.80E-05
1.83E-05
1.85E-05
1.89E-05
1.95E-05
2.02E-05
2.11E-05
2.19E-05
2.27E-05
2.33E-05
2.39E-05
2.44E-05
2.48E-05
2.51E-05
2.54E-05
2.56E-05
2.58E-05
2.61E-05
2.66E-05
2.71E-05
2.77E-05
2.83E-05
2.90E-05
2.96E-05
3.02E-05
3.08E-05
3.14E-05
3.21E-05
3.33E-05
3.49E-05
3.69E-05
3.93E-05
4.18E-05
4.46E-05
4.76E-05
5.09E-05
5.46E-05
5.85E-05
6.25E-05
6.66E-05
7.07E-05
7.52E-05
8.01E-05
8.54E-05
9.10E-05
9.66E-05
1.03E-04
0.000109211445952
0.000117278630641
0.000127053665037
0.000138465025113
0.000151423437961
0.000166221141731
0.000183495379906
0.000203649973439
0.000226459826261
0.000251391419068
0.000277788341665
0.000304537072756
0.000329970559091
0.000352475008532
0.000371208672046
0.000386845755886
0.000401649556906
0.000417888090569
0.000436234970017
0.000456356567111
0.000478955584487
0.000506656515454
0.00054289958066
0.00058951978284
0.000645842212535
0.000711752043724
0.000789766589026
0.000881558686338
0.000983561909115
0.001088942717922
0.001195026593022
0.001307974921871
0.001434243907024
0.001566460271488
0.001685589694276
0.001779369416014
0.001856307717274
0.001940454717706
0.002054030012282
0.00220957465172
0.002413696354048
0.002661695574969
0.002939808136832
0.003255351469364
0.003656470086779
0.00420727511969
0.004940839318467
0.005845000653308
0.00691270002379
0.008221453535478
0.009992122139579
0.012632027721583
0.016726092705409
0.022832532346958
0.03123108081993
0.042029059215751
0.055241589871448
0.070052421122468
0.083889588964949
0.092633453851866
0.092699453594556
0.083659631863242
0.068766669418974
0.052666986704658
0.038774325756748
0.028329673994203
0.020957820541921
0.015767304493161
0.012036531819951
0.009342657723627
0.007413911083028
0.006030275250945
0.005026010781918
0.004286840501697
0.003718995919801
0.00325358631273
0.002867322836687
0.002570399736865
0.002365598483979
0.002220423998492
0.002089808105598
0.001951067701139
0.001802412383018
0.001641684326201
0.001465046510322
0.001283419052116
0.001120832160753
0.000991875223513
0.000889938080966
0.00079810605965
0.000706657231085
0.000617829068026
0.000537879444946
0.000471042850984
0.000418296614748
0.000377206532608
0.000343656334653
0.000314732573198
0.000289243278439
0.000266115709145
0.000244059615274
0.000222744652131
0.000202707884631
0.000184138888041
0.000166741931742
0.000150551140428
0.000136095270145
0.000123745368849
0.000113347578719
0.000104430962564
9.67E-05
9.01E-05
8.47E-05
8.05E-05
7.72E-05
7.48E-05
7.29E-05
7.12E-05
6.93E-05
6.71E-05
6.48E-05
6.23E-05
6.00E-05
5.79E-05
5.60E-05
5.40E-05
5.18E-05
4.95E-05
4.70E-05
4.47E-05
4.26E-05
4.07E-05
3.90E-05
3.72E-05
3.54E-05
3.36E-05
3.20E-05
3.07E-05
2.95E-05
2.85E-05
2.75E-05
2.65E-05
2.57E-05
2.50E-05
2.45E-05
2.42E-05
2.40E-05
2.39E-05
2.39E-05
2.40E-05
2.40E-05
2.38E-05
2.35E-05
2.31E-05
2.25E-05
2.19E-05
2.12E-05
2.05E-05
1.97E-05
1.90E-05
1.82E-05
1.75E-05
1.68E-05
1.62E-05
1.56E-05
1.52E-05
1.50E-05
1.48E-05
1.47E-05
1.45E-05
1.44E-05
1.42E-05
1.40E-05
1.40E-05
1.41E-05
1.41E-05
1.41E-05
1.40E-05
1.38E-05
1.37E-05
1.35E-05
1.32E-05
1.28E-05
1.24E-05
1.18E-05
1.13E-05
1.08E-05
1.04E-05
9.97E-06
9.57E-06
9.22E-06
8.96E-06
8.77E-06
8.65E-06
8.60E-06
8.60E-06
8.63E-06
8.65E-06
8.66E-06
8.65E-06
8.64E-06
8.63E-06
8.61E-06
8.52E-06
8.36E-06
8.12E-06
7.85E-06
7.56E-06
7.27E-06
7.03E-06
6.83E-06
6.69E-06
6.60E-06
6.53E-06
6.47E-06
6.42E-06
6.39E-06
6.37E-06
6.36E-06
6.39E-06

