0
7.00E-06
6.99E-06
6.97E-06
6.96E-06
6.95E-06
6.94E-06
6.96E-06
7.02E-06
7.12E-06
7.26E-06
7.45E-06
7.67E-06
7.91E-06
8.16E-06
8.41E-06
8.65E-06
8.85E-06
9.04E-06
9.20E-06
9.34E-06
9.47E-06
9.60E-06
9.72E-06
9.84E-06
9.95E-06
1.01E-05
1.02E-05
1.04E-05
1.07E-05
1.09E-05
1.12E-05
1.15E-05
1.18E-05
1.21E-05
1.24E-05
1.27E-05
1.30E-05
1.33E-05
1.35E-05
1.37E-05
1.39E-05
1.41E-05
1.42E-05
1.44E-05
1.47E-05
1.49E-05
1.52E-05
1.56E-05
1.60E-05
1.64E-05
1.69E-05
1.74E-05
1.78E-05
1.81E-05
1.83E-05
1.86E-05
1.90E-05
1.95E-05
2.03E-05
2.10E-05
2.18E-05
2.25E-05
2.31E-05
2.37E-05
2.42E-05
2.46E-05
2.49E-05
2.51E-05
2.54E-05
2.57E-05
2.60E-05
2.65E-05
2.70E-05
2.76E-05
2.82E-05
2.87E-05
2.93E-05
2.98E-05
3.04E-05
3.11E-05
3.20E-05
3.32E-05
3.48E-05
3.68E-05
3.90E-05
4.16E-05
4.44E-05
4.75E-05
5.09E-05
5.46E-05
5.85E-05
6.25E-05
6.65E-05
7.07E-05
7.51E-05
8.00E-05
8.52E-05
9.07E-05
9.62E-05
1.02E-04
0.000108771261311
0.000117043831412
0.000127069573713
0.000138757725205
0.000152114926924
0.000167485627562
0.000185398402973
0.000206037403183
0.000229014796306
0.000253900743237
0.000280255343297
0.000306886431011
0.000331858699546
0.000353558198377
0.000371548306476
0.000386896330017
0.000401755923781
0.000417885630176
0.000435693979799
0.000455273016185
0.000478060718773
0.000506836837552
0.000544397901854
0.000592070474278
0.000649381544638
0.000716622401967
0.00079605653744
0.000888522057889
0.00098995479175
0.001093925353363
0.001198612762245
0.001310542908626
0.001435634847358
0.001565892679568
0.00168290281972
0.001775803781408
0.001853277409564
0.001937568683609
0.002049197027095
0.002202123957031
0.002405528492612
0.002654703027548
0.002933917268635
0.003248696109154
0.003647034060818
0.004194004033975
0.004922754927222
0.005821082278493
0.00688361899664
0.00818988271396
0.009961333719503
0.012605177456335
0.016706027119892
0.022820903064254
0.03122856569792
0.04204015733429
0.055279395880671
0.070135497900993
0.084024640644443
0.092792575254135
0.092827732202249
0.083715157071979
0.068750400418252
0.052611115667346
0.038709841213342
0.028268387340446
0.020901328111669
0.015717959198787
0.011997804171379
0.00931532180601
0.007395413184465
0.006016672732041
0.005013405445001
0.004273394138463
0.003705794889268
0.003242039125259
0.002857334773789
0.002560877902725
0.002356402225535
0.002213354916604
0.002086361810092
0.001950369561893
0.001802952833897
0.001643413231436
0.001468530735932
0.001288322444875
0.001126019947984
0.000996792216605
0.000895131988842
0.000804497414733
0.000714427907436
0.000626054233825
0.000545338690583
0.000477015442198
0.00042274104465
0.000380523599485
0.000346327575148
0.000316982327977
0.000291091077235
0.000267722083477
0.000245779695818
0.000224822764309
0.000205145597009
0.000186862250064
0.000169639048527
0.00015339886262
0.000138679188845
0.000126013386101
0.000115304536254
0.000106040393065
9.79E-05
9.09E-05
8.53E-05
8.08E-05
7.74E-05
7.48E-05
7.28E-05
7.10E-05
6.90E-05
6.67E-05
6.42E-05
6.18E-05
5.96E-05
5.76E-05
5.57E-05
5.38E-05
5.17E-05
4.94E-05
4.71E-05
4.48E-05
4.26E-05
4.07E-05
3.89E-05
3.71E-05
3.55E-05
3.39E-05
3.25E-05
3.11E-05
2.98E-05
2.86E-05
2.75E-05
2.64E-05
2.55E-05
2.47E-05
2.41E-05
2.38E-05
2.36E-05
2.37E-05
2.38E-05
2.38E-05
2.38E-05
2.36E-05
2.33E-05
2.30E-05
2.26E-05
2.20E-05
2.14E-05
2.07E-05
2.00E-05
1.92E-05
1.84E-05
1.77E-05
1.70E-05
1.63E-05
1.57E-05
1.52E-05
1.48E-05
1.46E-05
1.45E-05
1.44E-05
1.42E-05
1.41E-05
1.39E-05
1.39E-05
1.39E-05
1.39E-05
1.39E-05
1.38E-05
1.37E-05
1.35E-05
1.33E-05
1.31E-05
1.28E-05
1.24E-05
1.20E-05
1.16E-05
1.11E-05
1.07E-05
1.02E-05
9.83E-06
9.46E-06
9.15E-06
8.88E-06
8.67E-06
8.53E-06
8.45E-06
8.42E-06
8.41E-06
8.43E-06
8.45E-06
8.46E-06
8.42E-06
8.35E-06
8.22E-06
8.06E-06
7.87E-06
7.65E-06
7.41E-06
7.16E-06
6.95E-06
6.78E-06
6.66E-06
6.60E-06
6.56E-06
6.52E-06
6.45E-06
6.39E-06
6.35E-06
6.34E-06
6.36E-06

