0
6.99E-06
6.98E-06
6.98E-06
7.00E-06
7.03E-06
7.07E-06
7.10E-06
7.14E-06
7.19E-06
7.28E-06
7.42E-06
7.61E-06
7.83E-06
8.07E-06
8.31E-06
8.51E-06
8.69E-06
8.86E-06
9.03E-06
9.19E-06
9.35E-06
9.50E-06
9.66E-06
9.82E-06
1.00E-05
1.02E-05
1.04E-05
1.06E-05
1.09E-05
1.12E-05
1.15E-05
1.18E-05
1.21E-05
1.24E-05
1.26E-05
1.28E-05
1.30E-05
1.32E-05
1.34E-05
1.37E-05
1.39E-05
1.41E-05
1.44E-05
1.46E-05
1.48E-05
1.51E-05
1.54E-05
1.57E-05
1.61E-05
1.65E-05
1.70E-05
1.74E-05
1.77E-05
1.80E-05
1.83E-05
1.87E-05
1.92E-05
1.99E-05
2.07E-05
2.15E-05
2.22E-05
2.29E-05
2.35E-05
2.39E-05
2.43E-05
2.46E-05
2.48E-05
2.49E-05
2.51E-05
2.54E-05
2.58E-05
2.62E-05
2.68E-05
2.75E-05
2.81E-05
2.87E-05
2.93E-05
2.99E-05
3.06E-05
3.14E-05
3.25E-05
3.38E-05
3.54E-05
3.73E-05
3.96E-05
4.22E-05
4.50E-05
4.80E-05
5.13E-05
5.49E-05
5.87E-05
6.26E-05
6.65E-05
7.06E-05
7.51E-05
8.00E-05
8.51E-05
9.04E-05
9.59E-05
1.02E-04
0.000108458330074
0.000116754165641
0.000126839979632
0.000138625475648
0.000152139444084
0.000167754849359
0.000185941091902
0.000206784976101
0.000229949997218
0.000255051745528
0.000281394405296
0.000307418810493
0.000331278795573
0.000351860868708
0.000369260922564
0.000384827867923
0.000400424175174
0.000417176415938
0.000435207354663
0.000454812887438
0.000477751386535
0.000506983315744
0.000545287973206
0.000593873793025
0.00065211959861
0.000720206033623
0.000800082009637
0.000892136436161
0.000992284256089
0.001094666912363
0.001198438752838
0.001310552789106
0.001436331217015
0.001567016718134
0.001683979073863
0.001776582502137
0.001853553881016
0.001936560968974
0.002045658871732
0.002195968638756
0.002397878192668
0.002645799725145
0.002922816994153
0.003235072158041
0.003632429101266
0.00418128991231
0.004913859895353
0.005815510208141
0.006879598419609
0.008185742139484
0.009955662105001
0.012596481580893
0.016692175388107
0.022799716399947
0.031200153187522
0.042009528430169
0.055257606220975
0.070142096317677
0.084082374587777
0.092903116735744
0.092954850840805
0.083809760773746
0.068790671790989
0.052609710870122
0.03868895572407
0.028239531221244
0.020867921757502
0.015683801966893
0.011967688788924
0.00929154059592
0.007377553388541
0.006003460510712
0.005003006870318
0.00426484919363
0.00370022546237
0.003239884175172
0.002856430992637
0.002558001447588
0.00235040440484
0.002206160143589
0.002080082394827
0.001945558657708
0.001800082205009
0.00164364248101
0.001472363720905
0.001294231645781
0.001131201903501
0.000999533438275
0.000895935656588
0.000805222014759
0.000716231793992
0.000628456571447
0.000547168391022
0.000477432225378
0.000421695811376
0.000378743191069
0.000344790389842
0.000316094277392
0.000290616218908
0.00026739028461
0.000245562338364
0.000224702979866
0.000204968075631
0.000186563510535
0.000169331550263
0.000153174084931
0.000138557955044
0.000126039695743
0.000115496886073
0.00010634473931
9.82E-05
9.11E-05
8.51E-05
8.04E-05
7.69E-05
7.45E-05
7.29E-05
7.14E-05
6.96E-05
6.72E-05
6.47E-05
6.21E-05
5.96E-05
5.74E-05
5.55E-05
5.37E-05
5.18E-05
4.97E-05
4.75E-05
4.52E-05
4.30E-05
4.11E-05
3.93E-05
3.77E-05
3.61E-05
3.45E-05
3.31E-05
3.16E-05
3.02E-05
2.89E-05
2.77E-05
2.66E-05
2.58E-05
2.51E-05
2.45E-05
2.41E-05
2.38E-05
2.36E-05
2.36E-05
2.37E-05
2.38E-05
2.37E-05
2.34E-05
2.31E-05
2.27E-05
2.21E-05
2.15E-05
2.08E-05
2.01E-05
1.93E-05
1.86E-05
1.78E-05
1.72E-05
1.65E-05
1.59E-05
1.54E-05
1.50E-05
1.48E-05
1.47E-05
1.46E-05
1.43E-05
1.41E-05
1.39E-05
1.38E-05
1.37E-05
1.37E-05
1.36E-05
1.36E-05
1.34E-05
1.33E-05
1.32E-05
1.31E-05
1.28E-05
1.25E-05
1.21E-05
1.17E-05
1.13E-05
1.08E-05
1.04E-05
1.00E-05
9.65E-06
9.33E-06
9.08E-06
8.87E-06
8.70E-06
8.56E-06
8.46E-06
8.39E-06
8.35E-06
8.34E-06
8.33E-06
8.30E-06
8.25E-06
8.15E-06
8.00E-06
7.79E-06
7.55E-06
7.30E-06
7.07E-06
6.91E-06
6.81E-06
6.75E-06
6.68E-06
6.59E-06
6.48E-06
6.40E-06
6.36E-06
6.35E-06
6.36E-06
6.40E-06

