0
7.04E-06
7.09E-06
7.09E-06
7.08E-06
7.08E-06
7.11E-06
7.17E-06
7.23E-06
7.30E-06
7.39E-06
7.52E-06
7.69E-06
7.87E-06
8.05E-06
8.20E-06
8.33E-06
8.46E-06
8.62E-06
8.82E-06
9.04E-06
9.24E-06
9.41E-06
9.57E-06
9.75E-06
9.98E-06
1.02E-05
1.05E-05
1.09E-05
1.12E-05
1.16E-05
1.20E-05
1.23E-05
1.26E-05
1.28E-05
1.30E-05
1.31E-05
1.32E-05
1.34E-05
1.36E-05
1.38E-05
1.40E-05
1.42E-05
1.43E-05
1.45E-05
1.47E-05
1.49E-05
1.53E-05
1.57E-05
1.62E-05
1.66E-05
1.71E-05
1.75E-05
1.79E-05
1.81E-05
1.84E-05
1.88E-05
1.94E-05
2.02E-05
2.12E-05
2.20E-05
2.27E-05
2.33E-05
2.38E-05
2.43E-05
2.46E-05
2.49E-05
2.50E-05
2.51E-05
2.53E-05
2.55E-05
2.60E-05
2.65E-05
2.71E-05
2.77E-05
2.82E-05
2.87E-05
2.92E-05
2.97E-05
3.04E-05
3.13E-05
3.25E-05
3.39E-05
3.57E-05
3.79E-05
4.04E-05
4.30E-05
4.59E-05
4.90E-05
5.25E-05
5.62E-05
6.00E-05
6.37E-05
6.75E-05
7.15E-05
7.59E-05
8.08E-05
8.60E-05
9.13E-05
9.67E-05
1.03E-04
0.00010926620101
0.000117602248254
0.000127748519298
0.000139558397399
0.000153021132164
0.000168550880779
0.000186654626079
0.000207417557501
0.000230555188588
0.000255677010559
0.000281796386956
0.000307036367413
0.000329740179003
0.000349216788871
0.000365747069508
0.000380787385538
0.000396322310879
0.000413419359435
0.000431922530599
0.000451857811606
0.000474961551886
0.000504468021638
0.000543485797335
0.000593276805679
0.000652996378468
0.000722487141394
0.000803234646572
0.00089526682384
0.000994522639287
0.001095408553315
0.001197841921812
0.001309441591318
0.001435073259934
0.001565123184385
0.001680809804478
0.001772073885755
0.001848078554157
0.001930230170267
0.00203853916574
0.002189262531161
0.002393195306518
0.00264282950063
0.002919277693125
0.003229071226424
0.00362414334848
0.004172578451027
0.004905973822835
0.005807627375193
0.006870012689607
0.008173743501887
0.00994198538286
0.012581882359042
0.016675948769874
0.022780214777359
0.031176827736652
0.041986577746938
0.055247279640663
0.070165547449429
0.084158564041142
0.093022983692813
0.093074390007477
0.083884951338884
0.068813196719407
0.052600874913735
0.038670434588642
0.028217615547953
0.020841963724898
0.015656506285527
0.011944122498558
0.009273462943188
0.007362781629494
0.005989529917093
0.004989060426626
0.004252133068403
0.003691504092619
0.003236253954467
0.002855478607969
0.002555652396226
0.002344976944886
0.002199796081956
0.002075279971825
0.001942681620752
0.001798716990917
0.001643938539915
0.001474380654283
0.00129667516796
0.001132108857164
0.000998360529662
0.000893919299499
0.000804164136281
0.00071704021005
0.000630668247308
0.000549599669125
0.000478964985753
0.000421969184001
0.000378333569157
0.000344569386751
0.000316394618967
0.000291183479662
0.000267909556636
0.000245928491565
0.00022489190236
0.000204925164582
0.000186364936682
0.00016920030032
0.000153183733259
0.00013853420838
0.000125812324423
0.000115136459519
0.000106120556682
9.83E-05
9.13E-05
8.53E-05
8.02E-05
7.64E-05
7.38E-05
7.22E-05
7.10E-05
6.94E-05
6.73E-05
6.48E-05
6.22E-05
5.97E-05
5.74E-05
5.54E-05
5.36E-05
5.18E-05
4.97E-05
4.75E-05
4.52E-05
4.30E-05
4.11E-05
3.94E-05
3.78E-05
3.63E-05
3.48E-05
3.33E-05
3.19E-05
3.06E-05
2.93E-05
2.82E-05
2.71E-05
2.61E-05
2.53E-05
2.47E-05
2.42E-05
2.38E-05
2.36E-05
2.35E-05
2.35E-05
2.35E-05
2.34E-05
2.32E-05
2.28E-05
2.24E-05
2.19E-05
2.14E-05
2.07E-05
2.00E-05
1.93E-05
1.87E-05
1.81E-05
1.75E-05
1.68E-05
1.62E-05
1.57E-05
1.53E-05
1.51E-05
1.50E-05
1.49E-05
1.47E-05
1.45E-05
1.43E-05
1.40E-05
1.39E-05
1.38E-05
1.37E-05
1.36E-05
1.35E-05
1.33E-05
1.32E-05
1.30E-05
1.28E-05
1.25E-05
1.21E-05
1.17E-05
1.13E-05
1.10E-05
1.06E-05
1.03E-05
1.01E-05
9.78E-06
9.47E-06
9.16E-06
8.89E-06
8.69E-06
8.56E-06
8.50E-06
8.47E-06
8.45E-06
8.41E-06
8.34E-06
8.23E-06
8.09E-06
7.94E-06
7.76E-06
7.57E-06
7.39E-06
7.24E-06
7.10E-06
6.96E-06
6.81E-06
6.65E-06
6.53E-06
6.45E-06
6.43E-06
6.44E-06
6.46E-06
6.49E-06
6.48E-06

