0
7.06E-06
7.07E-06
7.05E-06
7.04E-06
7.05E-06
7.08E-06
7.12E-06
7.18E-06
7.25E-06
7.34E-06
7.44E-06
7.53E-06
7.60E-06
7.67E-06
7.76E-06
7.90E-06
8.07E-06
8.27E-06
8.48E-06
8.69E-06
8.89E-06
9.10E-06
9.33E-06
9.60E-06
9.92E-06
1.03E-05
1.06E-05
1.10E-05
1.14E-05
1.18E-05
1.22E-05
1.26E-05
1.30E-05
1.32E-05
1.34E-05
1.36E-05
1.37E-05
1.39E-05
1.40E-05
1.41E-05
1.42E-05
1.43E-05
1.44E-05
1.46E-05
1.47E-05
1.49E-05
1.51E-05
1.55E-05
1.59E-05
1.65E-05
1.70E-05
1.75E-05
1.79E-05
1.82E-05
1.86E-05
1.91E-05
1.98E-05
2.06E-05
2.14E-05
2.21E-05
2.28E-05
2.34E-05
2.40E-05
2.45E-05
2.48E-05
2.50E-05
2.52E-05
2.53E-05
2.54E-05
2.55E-05
2.57E-05
2.61E-05
2.66E-05
2.71E-05
2.76E-05
2.82E-05
2.87E-05
2.93E-05
3.00E-05
3.09E-05
3.22E-05
3.40E-05
3.60E-05
3.83E-05
4.08E-05
4.34E-05
4.62E-05
4.93E-05
5.28E-05
5.66E-05
6.03E-05
6.38E-05
6.75E-05
7.14E-05
7.59E-05
8.08E-05
8.59E-05
9.11E-05
9.64E-05
1.02E-04
0.000109009521952
0.000117593174242
0.00012790840269
0.000139768221529
0.000153243946404
0.000168874647902
0.000187256171727
0.000208421506926
0.000231899900956
0.000257178712489
0.000283382385471
0.000308810055604
0.000331735261507
0.000351221520678
0.00036741725802
0.000381919611327
0.000397106142517
0.000414267873071
0.000432965635663
0.000452881792981
0.000475845631741
0.000505478960546
0.000545117391074
0.000595847356078
0.000656534061473
0.000727041860683
0.000809022382381
0.000902119280504
0.001001284759287
0.001100387746864
0.00120040070946
0.001310466747224
0.001435515820202
0.001564998024421
0.001679629819065
0.001769457890489
0.001843367277909
0.001922234926444
0.002026737600349
0.002174968074741
0.002378678277235
0.002629489875682
0.002907252890585
0.003218092955918
0.003613917545971
0.004162529226878
0.00489465775857
0.005792633962075
0.006849176194288
0.008146615268977
0.009909622664181
0.012544783648786
0.016633354216216
0.022732164819131
0.031126389551895
0.041942670712087
0.055229214640628
0.070205096497575
0.084281205217128
0.093211091668165
0.093261506561459
0.084007143015517
0.068858082501757
0.052599636114328
0.038654935566009
0.028196728379001
0.020813692351053
0.015623708325738
0.011914105691277
0.009250593467726
0.007346387093754
0.005976327633779
0.004974979382605
0.004234544661478
0.003671694659301
0.003218042331032
0.002841006150105
0.002543292604279
0.002332421241528
0.002187503232276
0.00206496182235
0.00193482308877
0.001793020674367
0.001640579445339
0.00147375030319
0.001297966016677
0.001133346898903
0.000998243324523
0.000892870733148
0.000803742612483
0.000718582780935
0.000634236676608
0.000554017566915
0.000482675698307
0.000424089366934
0.000379134819929
0.000344855741836
0.000316636509734
0.000291321481109
0.000267765791415
0.000245529937022
0.000224424472919
0.000204595659149
0.000186358481189
0.000169635032295
0.000154019094612
0.000139582056181
0.000126874463847
0.00011608885806
0.000106914454305
9.89E-05
9.19E-05
8.59E-05
8.10E-05
7.72E-05
7.44E-05
7.24E-05
7.07E-05
6.89E-05
6.66E-05
6.41E-05
6.15E-05
5.89E-05
5.66E-05
5.47E-05
5.30E-05
5.13E-05
4.94E-05
4.73E-05
4.52E-05
4.32E-05
4.14E-05
3.97E-05
3.81E-05
3.65E-05
3.49E-05
3.33E-05
3.20E-05
3.08E-05
2.97E-05
2.86E-05
2.74E-05
2.63E-05
2.54E-05
2.46E-05
2.40E-05
2.36E-05
2.33E-05
2.30E-05
2.29E-05
2.29E-05
2.29E-05
2.29E-05
2.27E-05
2.23E-05
2.18E-05
2.12E-05
2.06E-05
2.01E-05
1.96E-05
1.91E-05
1.86E-05
1.80E-05
1.73E-05
1.67E-05
1.61E-05
1.56E-05
1.53E-05
1.51E-05
1.50E-05
1.48E-05
1.46E-05
1.44E-05
1.41E-05
1.38E-05
1.36E-05
1.34E-05
1.33E-05
1.31E-05
1.30E-05
1.29E-05
1.28E-05
1.26E-05
1.24E-05
1.21E-05
1.18E-05
1.14E-05
1.11E-05
1.08E-05
1.05E-05
1.02E-05
9.92E-06
9.60E-06
9.31E-06
9.08E-06
8.91E-06
8.80E-06
8.69E-06
8.57E-06
8.44E-06
8.33E-06
8.24E-06
8.15E-06
8.05E-06
7.94E-06
7.80E-06
7.66E-06
7.49E-06
7.32E-06
7.16E-06
7.03E-06
6.93E-06
6.86E-06
6.79E-06
6.75E-06
6.72E-06
6.73E-06
6.77E-06
6.82E-06
6.87E-06

