0
7.05E-06
7.15E-06
7.23E-06
7.32E-06
7.38E-06
7.38E-06
7.35E-06
7.30E-06
7.31E-06
7.38E-06
7.49E-06
7.62E-06
7.74E-06
7.83E-06
7.94E-06
8.07E-06
8.22E-06
8.36E-06
8.49E-06
8.62E-06
8.76E-06
8.97E-06
9.25E-06
9.60E-06
9.96E-06
1.03E-05
1.07E-05
1.12E-05
1.16E-05
1.21E-05
1.25E-05
1.29E-05
1.33E-05
1.35E-05
1.37E-05
1.37E-05
1.38E-05
1.38E-05
1.39E-05
1.39E-05
1.40E-05
1.41E-05
1.42E-05
1.43E-05
1.44E-05
1.45E-05
1.48E-05
1.52E-05
1.57E-05
1.63E-05
1.68E-05
1.73E-05
1.78E-05
1.82E-05
1.87E-05
1.93E-05
2.01E-05
2.09E-05
2.18E-05
2.26E-05
2.32E-05
2.37E-05
2.41E-05
2.43E-05
2.45E-05
2.46E-05
2.47E-05
2.48E-05
2.50E-05
2.52E-05
2.54E-05
2.57E-05
2.61E-05
2.65E-05
2.70E-05
2.76E-05
2.82E-05
2.87E-05
2.95E-05
3.05E-05
3.18E-05
3.35E-05
3.57E-05
3.81E-05
4.08E-05
4.36E-05
4.65E-05
4.97E-05
5.31E-05
5.65E-05
5.99E-05
6.34E-05
6.72E-05
7.12E-05
7.58E-05
8.06E-05
8.57E-05
9.07E-05
9.59E-05
1.02E-04
0.000109010845574
0.000117811728835
0.000128192563766
0.000140135755841
0.000153958105721
0.000170212337389
0.000189180708411
0.000210544396309
0.000233793954248
0.000258596365488
0.000284296765926
0.000309394741068
0.000332116103759
0.00035130475949
0.000367043308332
0.000381023825851
0.000395811298001
0.000412833057531
0.000431435164791
0.000450986590329
0.000473453167728
0.00050300960116
0.000543075058778
0.000594064102019
0.000654374526243
0.000724147414001
0.000805635347223
0.00089854310241
0.000997342283897
0.001096065948391
0.001196938132113
0.001309739827076
0.00143785273442
0.001568436318951
0.0016815652917
0.001768653470595
0.001840140143391
0.001917532669892
0.002021661454019
0.002170348022725
0.00237401500476
0.002622636856783
0.002896317574679
0.003203796983815
0.003599660254684
0.004151668827856
0.004887315630761
0.005785400999726
0.006838249841216
0.00813137032557
0.009893543181157
0.012533539344523
0.016631261627633
0.022738784402464
0.03113880356399
0.041965977057445
0.055284821617213
0.070325685532961
0.084481085071372
0.093446510998042
0.093441237934241
0.084065617127395
0.068804625557185
0.052489266404629
0.03853572756504
0.028087042185318
0.020715772344531
0.015539132378279
0.011845973506922
0.00919945202518
0.007309995027934
0.005952246812099
0.004960308671519
0.004225468770843
0.003665621789529
0.003214102085504
0.002838237532728
0.002539951364587
0.002327678782903
0.002182614482594
0.002061617001607
0.00193356502096
0.001793714311506
0.001643322081705
0.001478549362643
0.001303861341503
0.001138925063477
0.001002970413905
0.000897328693892
0.000808661085803
0.000724040049311
0.000639655715719
0.000558714479689
0.000486242855806
0.000426473571534
0.000380697204856
0.000346185959623
0.000318233622646
0.000293391509697
0.000270338353068
0.000248548493887
0.000227668197879
0.000207820637969
0.000189451464647
0.000172625205348
0.000157005467401
0.000142555616433
0.00012962881776
0.00011835955851
0.00010855345488
1.00E-04
9.25E-05
8.62E-05
8.11E-05
7.72E-05
7.41E-05
7.19E-05
7.02E-05
6.86E-05
6.66E-05
6.44E-05
6.19E-05
5.94E-05
5.71E-05
5.51E-05
5.32E-05
5.14E-05
4.94E-05
4.73E-05
4.51E-05
4.31E-05
4.12E-05
3.95E-05
3.80E-05
3.65E-05
3.50E-05
3.36E-05
3.23E-05
3.10E-05
2.97E-05
2.85E-05
2.73E-05
2.63E-05
2.53E-05
2.46E-05
2.39E-05
2.35E-05
2.31E-05
2.28E-05
2.28E-05
2.28E-05
2.27E-05
2.26E-05
2.24E-05
2.21E-05
2.17E-05
2.13E-05
2.08E-05
2.04E-05
2.00E-05
1.94E-05
1.89E-05
1.82E-05
1.75E-05
1.69E-05
1.63E-05
1.59E-05
1.55E-05
1.53E-05
1.50E-05
1.48E-05
1.44E-05
1.41E-05
1.37E-05
1.35E-05
1.33E-05
1.31E-05
1.30E-05
1.29E-05
1.27E-05
1.26E-05
1.26E-05
1.25E-05
1.25E-05
1.23E-05
1.21E-05
1.18E-05
1.15E-05
1.12E-05
1.08E-05
1.05E-05
1.01E-05
9.82E-06
9.50E-06
9.21E-06
8.95E-06
8.73E-06
8.56E-06
8.41E-06
8.29E-06
8.19E-06
8.08E-06
7.96E-06
7.85E-06
7.75E-06
7.66E-06
7.55E-06
7.41E-06
7.26E-06
7.12E-06
7.01E-06
6.93E-06
6.87E-06
6.84E-06
6.82E-06
6.82E-06
6.85E-06
6.89E-06
6.94E-06
6.96E-06

