0
7.10E-06
7.18E-06
7.22E-06
7.24E-06
7.26E-06
7.27E-06
7.31E-06
7.35E-06
7.39E-06
7.43E-06
7.46E-06
7.51E-06
7.57E-06
7.66E-06
7.78E-06
7.92E-06
8.08E-06
8.23E-06
8.37E-06
8.53E-06
8.73E-06
9.00E-06
9.33E-06
9.69E-06
1.01E-05
1.05E-05
1.09E-05
1.14E-05
1.18E-05
1.22E-05
1.26E-05
1.29E-05
1.32E-05
1.34E-05
1.36E-05
1.37E-05
1.37E-05
1.37E-05
1.38E-05
1.38E-05
1.38E-05
1.38E-05
1.39E-05
1.41E-05
1.43E-05
1.46E-05
1.49E-05
1.54E-05
1.59E-05
1.65E-05
1.70E-05
1.74E-05
1.78E-05
1.82E-05
1.87E-05
1.94E-05
2.03E-05
2.12E-05
2.21E-05
2.28E-05
2.33E-05
2.36E-05
2.39E-05
2.42E-05
2.45E-05
2.46E-05
2.47E-05
2.48E-05
2.50E-05
2.52E-05
2.56E-05
2.61E-05
2.65E-05
2.69E-05
2.72E-05
2.76E-05
2.81E-05
2.88E-05
2.97E-05
3.09E-05
3.24E-05
3.42E-05
3.64E-05
3.88E-05
4.15E-05
4.44E-05
4.74E-05
5.05E-05
5.39E-05
5.73E-05
6.07E-05
6.43E-05
6.81E-05
7.20E-05
7.64E-05
8.09E-05
8.57E-05
9.07E-05
9.60E-05
1.02E-04
0.000109505093337
0.000118422557341
0.000128843336984
0.000140852168398
0.000154802636877
0.000171213044654
0.000190275820318
0.000211563833963
0.000234541546012
0.000258914007404
0.000284020971681
0.000308399235637
0.000330372946833
0.000348838045422
0.000364085227572
0.000378192495321
0.000393741348441
0.000411695289455
0.000431015406084
0.000451051984462
0.000474021086572
0.000504398596136
0.000545393018947
0.000596780641749
0.000656946971229
0.000726687746837
0.000808679900676
0.000902288548542
0.00100125646777
0.001099534959954
0.001200172632121
0.001313454291173
0.001441869584879
0.001571200819052
0.001681303243742
0.001764926264865
0.001833817933686
0.001910035817564
0.002014674840873
0.002164925409782
0.002369106824525
0.002615474781036
0.002885053469463
0.003189424134518
0.003585340709827
0.004140118362562
0.00487862711213
0.005776920659198
0.006826309278648
0.008114256684349
0.009873002585823
0.012512940944164
0.016611718110938
0.022716238339335
0.031107848567747
0.041931080167043
0.055269448006318
0.070370115808114
0.084615472312359
0.093646248926112
0.093623406774604
0.08415649376033
0.068797847740789
0.052429224778888
0.038466623193531
0.028025437475086
0.020661389054277
0.015491865185538
0.01180935892671
0.009175170325343
0.007295539275323
0.005943940678995
0.004955403557524
0.004222232632216
0.003663944208006
0.00321469982128
0.002840404187508
0.002541114706634
0.002325812316426
0.002178134698602
0.002056086762938
0.001927930634415
0.001788713161314
0.001640296910979
0.001478172134334
0.001304725994025
0.001138562026908
0.001000258876765
0.000893351555271
0.000805234105488
0.00072221897628
0.000639516607457
0.000559917664341
0.000488276310005
0.000428557657851
0.000382125551299
0.000346755878308
0.000318208987034
0.000293192116731
0.000270330093209
0.000248875895255
0.000228200518828
0.000208407481664
0.000190058871472
0.000173221367885
0.00015755644168
0.00014310202578
0.000130265499033
0.000119176875834
0.000109539358123
1.01E-04
9.33E-05
8.66E-05
8.13E-05
7.71E-05
7.40E-05
7.19E-05
7.02E-05
6.85E-05
6.65E-05
6.42E-05
6.18E-05
5.93E-05
5.71E-05
5.53E-05
5.37E-05
5.21E-05
5.03E-05
4.82E-05
4.59E-05
4.38E-05
4.18E-05
4.00E-05
3.84E-05
3.70E-05
3.55E-05
3.40E-05
3.25E-05
3.11E-05
2.98E-05
2.85E-05
2.73E-05
2.63E-05
2.53E-05
2.45E-05
2.38E-05
2.33E-05
2.30E-05
2.28E-05
2.28E-05
2.28E-05
2.28E-05
2.28E-05
2.27E-05
2.25E-05
2.23E-05
2.19E-05
2.14E-05
2.09E-05
2.03E-05
1.96E-05
1.90E-05
1.84E-05
1.78E-05
1.71E-05
1.64E-05
1.59E-05
1.54E-05
1.51E-05
1.49E-05
1.47E-05
1.44E-05
1.41E-05
1.38E-05
1.36E-05
1.33E-05
1.32E-05
1.31E-05
1.30E-05
1.30E-05
1.29E-05
1.29E-05
1.28E-05
1.27E-05
1.25E-05
1.23E-05
1.20E-05
1.16E-05
1.13E-05
1.10E-05
1.06E-05
1.03E-05
9.97E-06
9.69E-06
9.43E-06
9.20E-06
8.99E-06
8.80E-06
8.62E-06
8.45E-06
8.30E-06
8.16E-06
8.02E-06
7.86E-06
7.67E-06
7.49E-06
7.33E-06
7.21E-06
7.12E-06
7.07E-06
7.03E-06
7.00E-06
6.99E-06
7.02E-06
7.07E-06
7.10E-06
7.09E-06
7.05E-06
7.00E-06
6.93E-06

