0
7.01E-06
7.06E-06
7.11E-06
7.18E-06
7.25E-06
7.31E-06
7.38E-06
7.46E-06
7.54E-06
7.59E-06
7.62E-06
7.67E-06
7.73E-06
7.82E-06
7.90E-06
7.99E-06
8.07E-06
8.18E-06
8.33E-06
8.52E-06
8.77E-06
9.09E-06
9.47E-06
9.87E-06
1.03E-05
1.07E-05
1.11E-05
1.16E-05
1.20E-05
1.24E-05
1.28E-05
1.32E-05
1.34E-05
1.36E-05
1.37E-05
1.37E-05
1.37E-05
1.37E-05
1.37E-05
1.36E-05
1.37E-05
1.37E-05
1.39E-05
1.41E-05
1.43E-05
1.46E-05
1.51E-05
1.56E-05
1.62E-05
1.68E-05
1.72E-05
1.76E-05
1.80E-05
1.85E-05
1.91E-05
1.98E-05
2.07E-05
2.15E-05
2.23E-05
2.29E-05
2.34E-05
2.39E-05
2.43E-05
2.46E-05
2.47E-05
2.48E-05
2.48E-05
2.48E-05
2.48E-05
2.49E-05
2.52E-05
2.57E-05
2.62E-05
2.67E-05
2.73E-05
2.78E-05
2.84E-05
2.91E-05
3.01E-05
3.14E-05
3.29E-05
3.48E-05
3.70E-05
3.94E-05
4.20E-05
4.47E-05
4.76E-05
5.06E-05
5.38E-05
5.71E-05
6.05E-05
6.40E-05
6.77E-05
7.19E-05
7.64E-05
8.11E-05
8.59E-05
9.07E-05
9.59E-05
1.02E-04
0.000109220358781
0.000118103437577
0.000128533155513
0.000140582414109
0.000154599073463
0.000171065954693
0.00019017069678
0.000211588192054
0.000234893463993
0.000259657987822
0.000284836669735
0.000308656569798
0.000329558793328
0.000346941508834
0.000361568749433
0.000375596055504
0.000391175509146
0.000408703171805
0.000427238563243
0.000446928313738
0.000470527733113
0.000502280913091
0.000544698448372
0.00059694984183
0.000657558356048
0.000727957800442
0.000810965902897
0.000905227119514
0.001003863667625
0.001101480635467
0.001202523722254
0.001317475628451
0.001447086313584
0.001575188677011
0.001681579874803
0.001760945911394
0.001827108883977
0.00190306063581
0.002009225925609
0.002160815896598
0.002364212267446
0.002607645316074
0.002873987362919
0.003176257316611
0.003571793984499
0.004127554784136
0.004866864163002
0.00576374453562
0.006808358603625
0.008089638705126
0.009842335746194
0.012476952611198
0.016568984777073
0.022664315539058
0.031047932895358
0.041873937927038
0.055240773326318
0.070412200514908
0.084762427720303
0.093875471325123
0.093848285525368
0.084297255658397
0.06884281652218
0.052417962050425
0.038437617195205
0.02799065369052
0.020619728287333
0.015446423551362
0.01176787874216
0.009142211685048
0.00727015871968
0.005923582783557
0.004938399572279
0.004207750232394
0.003652290338469
0.003206677592194
0.002835542013819
0.002537045972672
0.002320147510788
0.002170906775822
0.002049166289564
0.001922531176478
0.001784906175327
0.001638372734637
0.001478452535211
0.001306226659344
0.001139188927826
0.000998905413927
0.000891051505795
0.000803668058178
0.000721974363834
0.000640357283636
0.000561793839123
0.000491188807761
0.000432014974728
0.000385299270968
0.000348857073307
0.000318775041061
0.000292364120978
0.000268803145047
0.000247439697513
0.000227263366901
0.000207920706201
0.000189759687687
0.000172872019552
0.000156995057265
0.000142177692729
0.000128931658071
0.000117638747521
0.000108095410066
9.97E-05
9.22E-05
8.56E-05
8.02E-05
7.59E-05
7.28E-05
7.06E-05
6.91E-05
6.77E-05
6.59E-05
6.38E-05
6.15E-05
5.92E-05
5.70E-05
5.52E-05
5.36E-05
5.22E-05
5.05E-05
4.85E-05
4.63E-05
4.42E-05
4.22E-05
4.05E-05
3.90E-05
3.75E-05
3.60E-05
3.43E-05
3.28E-05
3.13E-05
3.00E-05
2.88E-05
2.76E-05
2.65E-05
2.55E-05
2.46E-05
2.38E-05
2.33E-05
2.30E-05
2.28E-05
2.28E-05
2.29E-05
2.29E-05
2.29E-05
2.29E-05
2.27E-05
2.24E-05
2.21E-05
2.16E-05
2.11E-05
2.04E-05
1.98E-05
1.91E-05
1.85E-05
1.79E-05
1.72E-05
1.65E-05
1.59E-05
1.55E-05
1.51E-05
1.48E-05
1.46E-05
1.44E-05
1.41E-05
1.38E-05
1.36E-05
1.34E-05
1.33E-05
1.32E-05
1.31E-05
1.31E-05
1.30E-05
1.30E-05
1.29E-05
1.27E-05
1.26E-05
1.23E-05
1.21E-05
1.18E-05
1.15E-05
1.12E-05
1.08E-05
1.05E-05
1.02E-05
9.97E-06
9.69E-06
9.39E-06
9.10E-06
8.83E-06
8.59E-06
8.37E-06
8.16E-06
7.94E-06
7.74E-06
7.56E-06
7.44E-06
7.35E-06
7.31E-06
7.28E-06
7.26E-06
7.24E-06
7.20E-06
7.14E-06
7.06E-06
6.98E-06
6.90E-06
6.85E-06
6.81E-06
6.78E-06
6.75E-06
6.71E-06

