0
7.06E-06
7.15E-06
7.23E-06
7.29E-06
7.31E-06
7.31E-06
7.32E-06
7.37E-06
7.47E-06
7.57E-06
7.66E-06
7.73E-06
7.78E-06
7.85E-06
7.93E-06
8.05E-06
8.20E-06
8.36E-06
8.54E-06
8.75E-06
9.01E-06
9.33E-06
9.70E-06
1.01E-05
1.06E-05
1.10E-05
1.15E-05
1.19E-05
1.23E-05
1.26E-05
1.29E-05
1.32E-05
1.34E-05
1.36E-05
1.38E-05
1.40E-05
1.41E-05
1.42E-05
1.42E-05
1.41E-05
1.41E-05
1.41E-05
1.42E-05
1.44E-05
1.46E-05
1.49E-05
1.54E-05
1.59E-05
1.64E-05
1.69E-05
1.74E-05
1.77E-05
1.81E-05
1.87E-05
1.94E-05
2.03E-05
2.13E-05
2.22E-05
2.30E-05
2.37E-05
2.42E-05
2.47E-05
2.50E-05
2.52E-05
2.54E-05
2.54E-05
2.55E-05
2.55E-05
2.57E-05
2.59E-05
2.62E-05
2.66E-05
2.71E-05
2.77E-05
2.84E-05
2.90E-05
2.96E-05
3.02E-05
3.10E-05
3.21E-05
3.37E-05
3.56E-05
3.78E-05
4.03E-05
4.29E-05
4.57E-05
4.87E-05
5.20E-05
5.54E-05
5.89E-05
6.22E-05
6.57E-05
6.93E-05
7.34E-05
7.79E-05
8.25E-05
8.72E-05
9.20E-05
9.71E-05
1.03E-04
0.000110530033873
0.000119668299341
0.000130392645872
0.000142686007799
0.000156927188043
0.0001736264684
0.000192938988187
0.000214619435884
0.000238370291753
0.000263594041345
0.000288860762731
0.000312374048259
0.000332916144845
0.000350248272223
0.000365276502358
0.000379827622906
0.000395464508205
0.000412367505528
0.000430122805902
0.000449650627099
0.000473861293564
0.000506456150918
0.000549424728868
0.000601786578656
0.000662387209461
0.000733203462961
0.00081715110501
0.000912335664669
0.001011380540066
0.001109026449425
0.001210194339795
0.001325093326596
0.001453175060516
0.001577273212224
0.001677828457509
0.001751660879159
0.001814607062112
0.001890752491228
0.00200034610008
0.002156768653876
0.002363103317809
0.00260549773509
0.002868392075798
0.003167612854334
0.00356190573226
0.004117106111706
0.004853917646615
0.005744415630813
0.006778277962931
0.008046777288892
0.009787722966428
0.0124104673353
0.016485727332932
0.022555745766985
0.030906859187634
0.041704072190434
0.055073035113866
0.070315032570482
0.084808587332498
0.094072788651119
0.094111773436695
0.084518228410181
0.068971452865992
0.052470919112496
0.038450817201809
0.02798416740058
0.02059969816673
0.015417716458053
0.011737268207198
0.009115253144679
0.007249868719821
0.005911542383226
0.004934931296671
0.004211312599713
0.00366041737114
0.003217063870259
0.002845937016033
0.002545204542581
0.002324768367837
0.002173191575129
0.002052062595795
0.001927813777535
0.001792087353635
0.001646172949741
0.001485691520387
0.001311594142612
0.001141433744503
0.000998033870444
0.000888865355759
0.000802326328657
0.000722202808191
0.00064151445819
0.000563030473508
0.000491932232339
0.000431949332271
0.0003844381473
0.000347476791536
0.000317191806303
0.000290802327802
0.000267445408226
0.000246544152521
0.000227118258222
0.000208626291934
0.000191180144212
0.000174813310373
0.0001592806088
0.000144588490666
0.000131240873168
0.000119710398973
0.000109927167309
1.02E-04
9.41E-05
8.77E-05
8.24E-05
7.80E-05
7.46E-05
7.22E-05
7.05E-05
6.90E-05
6.71E-05
6.48E-05
6.22E-05
5.98E-05
5.75E-05
5.56E-05
5.39E-05
5.22E-05
5.05E-05
4.85E-05
4.63E-05
4.42E-05
4.23E-05
4.06E-05
3.92E-05
3.78E-05
3.64E-05
3.48E-05
3.32E-05
3.16E-05
3.01E-05
2.87E-05
2.74E-05
2.63E-05
2.53E-05
2.45E-05
2.39E-05
2.34E-05
2.30E-05
2.28E-05
2.26E-05
2.26E-05
2.25E-05
2.24E-05
2.23E-05
2.22E-05
2.20E-05
2.18E-05
2.15E-05
2.10E-05
2.04E-05
1.98E-05
1.92E-05
1.86E-05
1.80E-05
1.74E-05
1.68E-05
1.62E-05
1.57E-05
1.53E-05
1.50E-05
1.48E-05
1.45E-05
1.42E-05
1.40E-05
1.37E-05
1.35E-05
1.33E-05
1.31E-05
1.30E-05
1.30E-05
1.29E-05
1.28E-05
1.27E-05
1.26E-05
1.25E-05
1.24E-05
1.23E-05
1.20E-05
1.17E-05
1.14E-05
1.11E-05
1.07E-05
1.03E-05
9.93E-06
9.59E-06
9.25E-06
8.92E-06
8.60E-06
8.30E-06
8.04E-06
7.82E-06
7.65E-06
7.52E-06
7.42E-06
7.35E-06
7.31E-06
7.30E-06
7.30E-06
7.31E-06
7.30E-06
7.27E-06
7.19E-06
7.08E-06
6.99E-06
6.95E-06
6.94E-06
6.95E-06
6.94E-06
6.90E-06
6.80E-06

