0
7.07E-06
7.08E-06
7.08E-06
7.09E-06
7.11E-06
7.14E-06
7.18E-06
7.26E-06
7.36E-06
7.46E-06
7.54E-06
7.60E-06
7.65E-06
7.71E-06
7.81E-06
7.97E-06
8.17E-06
8.38E-06
8.57E-06
8.76E-06
8.98E-06
9.23E-06
9.52E-06
9.87E-06
1.03E-05
1.07E-05
1.12E-05
1.17E-05
1.22E-05
1.26E-05
1.30E-05
1.33E-05
1.36E-05
1.38E-05
1.40E-05
1.42E-05
1.44E-05
1.44E-05
1.43E-05
1.42E-05
1.41E-05
1.40E-05
1.40E-05
1.41E-05
1.43E-05
1.45E-05
1.49E-05
1.54E-05
1.60E-05
1.66E-05
1.71E-05
1.75E-05
1.80E-05
1.87E-05
1.95E-05
2.06E-05
2.17E-05
2.26E-05
2.34E-05
2.39E-05
2.43E-05
2.46E-05
2.49E-05
2.51E-05
2.52E-05
2.52E-05
2.52E-05
2.53E-05
2.55E-05
2.57E-05
2.62E-05
2.66E-05
2.72E-05
2.77E-05
2.83E-05
2.88E-05
2.93E-05
2.98E-05
3.07E-05
3.21E-05
3.38E-05
3.59E-05
3.82E-05
4.07E-05
4.34E-05
4.63E-05
4.95E-05
5.30E-05
5.65E-05
5.99E-05
6.31E-05
6.64E-05
6.99E-05
7.38E-05
7.82E-05
8.28E-05
8.74E-05
9.20E-05
9.70E-05
1.03E-04
0.000110929390138
0.000120455500592
0.000131497628485
0.000144024645325
0.000158448673915
0.000175349579441
0.000194912090363
0.000216930280174
0.000241159995361
0.000266808340261
0.000292063559906
0.000315060176412
0.000334846636427
0.000351573587707
0.000366550646459
0.000381551287634
0.000397540498886
0.000414322415231
0.000431723756463
0.000451155281778
0.000475708125696
0.000508720700618
0.000551820826303
0.000604117894895
0.000664931998792
0.000736383996392
0.00082079431878
0.000915721969612
0.001014211321663
0.001112092596815
0.001214893569104
0.001331993194912
0.00146107577025
0.00158387440813
0.001681270395338
0.001751827359709
0.001813411633664
0.001890707475956
0.002002390417771
0.002159859360792
0.002364737641634
0.00260290934753
0.002860766547393
0.003156554126138
0.003550444512236
0.004107640493841
0.00484635305576
0.005736171134702
0.006765374993451
0.008026200074783
0.009757979530601
0.012368867794853
0.016427126370483
0.022473969637086
0.030797592520626
0.04157196212685
0.054946503409804
0.070256690801528
0.084884002234984
0.094283010603487
0.094368694528076
0.084720011366369
0.069081951896718
0.05251326089986
0.038457301249918
0.027969425724874
0.02056760241458
0.015373881303186
0.011691073570958
0.009074741740396
0.007218614811141
0.005889870409761
0.004921341651797
0.004202883503589
0.003654228367898
0.003211437485309
0.00284004006173
0.002538282099227
0.002316115363616
0.002163323950664
0.002042706339881
0.001920150409062
0.001786227891218
0.001642501700441
0.001485119064458
0.001313932774633
0.001144751555015
0.001000463246668
0.000890298584681
0.000803903164888
0.000724607712987
0.000644385047464
0.000565651606967
0.000493840121134
0.000433045072286
0.000384923294667
0.000347743793982
0.000317584511338
0.000291335734513
0.00026796228694
0.000247068699005
0.00022789201442
0.000209864909652
0.000192912564384
0.000177021852917
0.00016189613204
0.000147301482736
0.000133617468489
0.000121529963178
0.000111281965826
1.03E-04
9.52E-05
8.86E-05
8.29E-05
7.82E-05
7.45E-05
7.19E-05
7.01E-05
6.85E-05
6.66E-05
6.44E-05
6.21E-05
5.97E-05
5.75E-05
5.54E-05
5.35E-05
5.18E-05
5.01E-05
4.83E-05
4.63E-05
4.43E-05
4.24E-05
4.08E-05
3.94E-05
3.82E-05
3.68E-05
3.53E-05
3.36E-05
3.20E-05
3.04E-05
2.88E-05
2.75E-05
2.62E-05
2.52E-05
2.44E-05
2.37E-05
2.32E-05
2.28E-05
2.25E-05
2.23E-05
2.23E-05
2.23E-05
2.24E-05
2.24E-05
2.22E-05
2.21E-05
2.18E-05
2.15E-05
2.11E-05
2.07E-05
2.01E-05
1.96E-05
1.91E-05
1.86E-05
1.80E-05
1.74E-05
1.67E-05
1.60E-05
1.54E-05
1.50E-05
1.46E-05
1.43E-05
1.40E-05
1.37E-05
1.34E-05
1.32E-05
1.30E-05
1.29E-05
1.28E-05
1.28E-05
1.28E-05
1.28E-05
1.27E-05
1.27E-05
1.27E-05
1.26E-05
1.24E-05
1.22E-05
1.19E-05
1.16E-05
1.13E-05
1.09E-05
1.05E-05
1.01E-05
9.72E-06
9.36E-06
9.01E-06
8.68E-06
8.36E-06
8.06E-06
7.79E-06
7.56E-06
7.39E-06
7.28E-06
7.20E-06
7.16E-06
7.12E-06
7.09E-06
7.05E-06
7.03E-06
7.02E-06
7.02E-06
7.02E-06
7.03E-06
7.04E-06
7.05E-06
7.07E-06
7.07E-06
7.06E-06
7.00E-06

