0
7.47E-06
7.60E-06
7.65E-06
7.69E-06
7.73E-06
7.77E-06
7.80E-06
7.80E-06
7.77E-06
7.70E-06
7.61E-06
7.54E-06
7.51E-06
7.53E-06
7.61E-06
7.75E-06
7.94E-06
8.19E-06
8.49E-06
8.81E-06
9.15E-06
9.54E-06
1.00E-05
1.05E-05
1.11E-05
1.16E-05
1.22E-05
1.27E-05
1.31E-05
1.34E-05
1.36E-05
1.38E-05
1.39E-05
1.40E-05
1.41E-05
1.41E-05
1.40E-05
1.39E-05
1.37E-05
1.36E-05
1.35E-05
1.36E-05
1.38E-05
1.41E-05
1.45E-05
1.50E-05
1.54E-05
1.59E-05
1.64E-05
1.69E-05
1.73E-05
1.79E-05
1.87E-05
1.95E-05
2.04E-05
2.13E-05
2.21E-05
2.27E-05
2.33E-05
2.37E-05
2.42E-05
2.45E-05
2.47E-05
2.47E-05
2.47E-05
2.47E-05
2.46E-05
2.47E-05
2.48E-05
2.50E-05
2.53E-05
2.57E-05
2.62E-05
2.67E-05
2.72E-05
2.79E-05
2.86E-05
2.96E-05
3.08E-05
3.24E-05
3.43E-05
3.65E-05
3.88E-05
4.14E-05
4.41E-05
4.71E-05
5.02E-05
5.34E-05
5.65E-05
5.95E-05
6.25E-05
6.56E-05
6.89E-05
7.26E-05
7.66E-05
8.07E-05
8.50E-05
8.97E-05
9.53E-05
1.02E-04
0.000110776229473
0.000120812223742
0.000132283889729
0.00014542311179
0.000160682849185
0.000178371194385
0.000198420481435
0.000220581627953
0.000244386882213
0.000268709921528
0.00029185799472
0.000312402661729
0.000329645852637
0.000344042388413
0.000357495196365
0.00037220699249
0.000388800952787
0.00040616278546
0.000423734526996
0.000443694584563
0.000470388567839
0.000507408703107
0.000555363142404
0.000612264627246
0.000676930407461
0.000750784859009
0.000834942920563
0.000926501806595
0.001019961898376
0.001114206525659
0.00121613142745
0.001332046913596
0.001455339666258
0.001567789160919
0.001655069322677
0.001720594027588
0.00178369566287
0.001865949706265
0.001982266546511
0.002143219986586
0.002348174418664
0.002579051968414
0.002824041909115
0.003109902145053
0.003504683976729
0.004071358612738
0.004813970724309
0.005686760209712
0.006676099476119
0.007894233252654
0.009603671566948
0.012213980565673
0.016273073970408
0.022294204135948
0.030567014130661
0.041335984412002
0.054891821099507
0.070696190268638
0.086016726810235
0.095853336326473
0.095701088882883
0.085294857858184
0.068933997744748
0.052014868686477
0.037925864068509
0.027511058218343
0.020172633021124
0.015029367676033
0.011407521906278
0.008862529305606
0.007073157099601
0.005797975444729
0.004868574572408
0.004175688063089
0.003641853800932
0.003205691842072
0.00283278349608
0.002521512270116
0.002285423928554
0.002121764064038
0.00199896512693
0.001882364920388
0.001757712163942
0.001623991753273
0.001478811919432
0.00131962640488
0.001156057259907
0.001009685682883
0.000895114043157
0.000807940648872
0.000733431161389
0.000660310764377
0.000585949560274
0.000513510809111
0.000447966869456
0.000393852103814
0.00035266396727
0.000321879269165
0.000297038216543
0.000274926934331
0.000254357834662
0.000234788475099
0.000215762539977
0.000197438773647
0.000180412917166
0.000164830035531
0.000150337274507
0.000136768290954
0.000124409708467
0.000113549286532
0.000104143844833
9.59E-05
8.87E-05
8.24E-05
7.71E-05
7.29E-05
6.99E-05
6.80E-05
6.71E-05
6.63E-05
6.50E-05
6.31E-05
6.08E-05
5.86E-05
5.64E-05
5.46E-05
5.31E-05
5.16E-05
5.01E-05
4.82E-05
4.62E-05
4.40E-05
4.20E-05
4.01E-05
3.85E-05
3.70E-05
3.55E-05
3.39E-05
3.23E-05
3.08E-05
2.94E-05
2.80E-05
2.68E-05
2.56E-05
2.46E-05
2.36E-05
2.29E-05
2.24E-05
2.21E-05
2.20E-05
2.20E-05
2.22E-05
2.25E-05
2.27E-05
2.29E-05
2.29E-05
2.28E-05
2.26E-05
2.23E-05
2.18E-05
2.12E-05
2.06E-05
1.99E-05
1.92E-05
1.84E-05
1.76E-05
1.68E-05
1.60E-05
1.53E-05
1.46E-05
1.41E-05
1.38E-05
1.36E-05
1.34E-05
1.32E-05
1.31E-05
1.29E-05
1.29E-05
1.29E-05
1.29E-05
1.31E-05
1.32E-05
1.33E-05
1.34E-05
1.34E-05
1.33E-05
1.32E-05
1.30E-05
1.26E-05
1.22E-05
1.18E-05
1.13E-05
1.08E-05
1.03E-05
9.81E-06
9.27E-06
8.76E-06
8.29E-06
7.90E-06
7.60E-06
7.41E-06
7.30E-06
7.24E-06
7.21E-06
7.21E-06
7.23E-06
7.27E-06
7.29E-06
7.32E-06
7.36E-06
7.41E-06
7.47E-06
7.51E-06
7.52E-06
7.49E-06
7.41E-06
7.32E-06
7.23E-06
7.15E-06
7.05E-06

