0
7.35842095070696E-06
7.46519131985792E-06
7.54311975332732E-06
7.60813077606475E-06
7.65138281860703E-06
7.68846612728758E-06
7.72684547914145E-06
7.763114227503E-06
7.7975330433574E-06
7.83390640801337E-06
7.86841326462685E-06
7.8832504009824E-06
7.85978135521844E-06
7.80553717024703E-06
7.7591249242711E-06
7.76341450215715E-06
7.8382875223843E-06
7.98271850311225E-06
8.19703698525986E-06
8.4902822625898E-06
8.8635028879856E-06
9.30259400147095E-06
9.79163698864419E-06
1.03187766882366E-05
1.08638059186094E-05
1.14031453493403E-05
1.19270685641417E-05
1.24428704733539E-05
1.29541796644071E-05
1.3425699153653E-05
1.37983670443149E-05
1.40376682485639E-05
1.41439103312048E-05
1.41471473852424E-05
1.40871609920884E-05
1.39893888349608E-05
1.3877299932256E-05
1.37716286667405E-05
1.36788669228048E-05
1.3604636362272E-05
1.3557661395442E-05
1.35562863597894E-05
1.36304862811827E-05
1.38047857172533E-05
1.40842057122879E-05
1.44345184111933E-05
1.48028437411864E-05
1.51767192709024E-05
1.55923708135128E-05
1.60983942844318E-05
1.67271608591388E-05
1.74782578591635E-05
1.8325136576242E-05
1.9230717835324E-05
2.0154958681665E-05
2.10650622937862E-05
2.19133246218124E-05
2.26431335617139E-05
2.32179902322246E-05
2.36414004286824E-05
2.39857512827462E-05
2.43396213464966E-05
2.47162358810561E-05
2.50370484180635E-05
2.5197467016604E-05
2.51346450077392E-05
2.48714530238614E-05
2.45253881351552E-05
2.42519130868346E-05
2.41776926011459E-05
2.43607281754807E-05
2.47622974530947E-05
2.52932823979077E-05
2.59041323254058E-05
2.65886642799523E-05
2.73251785889967E-05
2.80625027539907E-05
2.8809733861577E-05
2.97118575223785E-05
3.09730243657527E-05
3.27432603734441E-05
3.50707555781736E-05
3.78579850203981E-05
4.08732554831596E-05
4.38661068396631E-05
4.66833200793167E-05
4.93359352286361E-05
5.19677682812921E-05
5.47452625945802E-05
5.77702948215423E-05
6.1025427264093E-05
6.43780444075821E-05
6.76698343660045E-05
7.08536146594178E-05
7.41024341790295E-05
7.77121603701873E-05
8.18315173979167E-05
8.64124037585624E-05
9.15267120589219E-05
9.75310304740402E-05
0.000104861426745
0.000113832486547
0.00012448973393
0.000136599165945
0.000149845685125
0.000164134276258
0.000179852716955
0.000197756757182
0.000218391771322
0.000241561457385
0.000266181391947
0.000290761007725
0.000313972193049
0.000334827382651
0.000353092817728
0.000369735817507
0.000386534113118
0.000404815399949
0.000424498499047
0.000445450377675
0.000469107135375
0.000497618648158
0.000532052339771
0.000572063888942
0.00061718503004
0.000667490942875
0.00072382036246
0.000789922403333
0.000871644520466
0.000969697784625
0.001076306354294
0.001183576541121
0.001294290088931
0.001417679329912
0.001554640510589
0.001692167503226
0.001814317709882
0.001915183346281
0.00199895080531
0.002079652441442
0.002186419888442
0.002357445973347
0.002611947329941
0.002928420169312
0.003269640647283
0.00363151609332
0.004049248724574
0.004582964656616
0.005340536101184
0.006492161686235
0.008209945798434
0.010601329902294
0.013804568767337
0.018316012652308
0.025351381034622
0.036748334119629
0.053927042838855
0.076026859343725
0.098361123144884
0.112883978218594
0.112313480663252
0.096313052201202
0.072232662120746
0.049005536958533
0.03163010864905
0.020504463585346
0.01388775383284
0.010024335390624
0.007736375836827
0.006314912150082
0.005364670683749
0.00469363721731
0.004215176697902
0.003868621040584
0.003587941149026
0.003313000504783
0.003014642916281
0.002700908028878
0.00240101994491
0.002143306379761
0.001938425358111
0.00177783781529
0.001644213931638
0.001520493235619
0.001393156586052
0.001257586516962
0.00112036946138
0.000990676415394
0.000874763780594
0.00077687536095
0.000697438218584
0.000631801959248
0.000573204944114
0.000516986375863
0.000462231401571
0.000410688871703
0.000364754892326
0.000326204342983
0.000295859861061
0.000272836871169
0.000254310062388
0.000237182364576
0.000220061611146
0.000203215188151
0.000187238932636
0.000172393331696
0.000158448525002
0.000144946303537
0.000131909100848
0.000119890915209
0.000109311650834
0.000100073968094
9.18225183757848E-05
8.43394485352888E-05
7.77065017385486E-05
7.22567322260109E-05
6.83661650877971E-05
6.6104251588606E-05
6.50788630665098E-05
6.46099119649756E-05
6.40660736084461E-05
6.31035588662424E-05
6.1647293698707E-05
5.98145183048565E-05
5.78467228718164E-05
5.59793231158617E-05
5.43064127796486E-05
5.27204885269399E-05
5.10425277398499E-05
4.92544156515209E-05
4.74690640493397E-05
4.5726701020638E-05
4.39521834975927E-05
4.20572508587792E-05
4.00404335643482E-05
3.79867972582766E-05
3.5989148800294E-05
3.40775924099287E-05
3.22315163759256E-05
3.04519031186009E-05
2.87790008100123E-05
2.72988003913222E-05
2.61144079358642E-05
2.52337019256226E-05
2.45469073043228E-05
2.39154478956236E-05
2.32693632723697E-05
2.26544735660778E-05
2.22080204894734E-05
2.20317592048015E-05
2.21012344372742E-05
2.23105685797471E-05
2.25349679783814E-05
2.26720541289627E-05
2.26837549855904E-05
2.26015189495895E-05
2.24745238046898E-05
2.23374240266387E-05
2.2191881604227E-05
2.19900132761281E-05
2.1651731530002E-05
2.11207898210876E-05
2.042080829129E-05
1.96325284396376E-05
1.88099573884954E-05
1.7958862038646E-05
1.70649161025708E-05
1.61437826991502E-05
1.52737161628803E-05
1.45494042688822E-05
1.40243334690918E-05
1.3672990745082E-05
1.34111300508327E-05
1.31651832492163E-05
1.29160636735691E-05
1.26978379713731E-05
1.25703470451594E-05
1.25692077114776E-05
1.26716693386573E-05
1.28330136085121E-05
1.30160266513155E-05
1.31868563520708E-05
1.33171359978064E-05
1.33924029892971E-05
1.34269443292594E-05
1.34424803617492E-05
1.34275463374071E-05
1.33374578604653E-05
1.31338331475095E-05
1.28188428529627E-05
1.24233223160398E-05
1.19717248339646E-05
1.14757210233716E-05
1.09446756237933E-05
1.03886431029678E-05
9.81473514999107E-06
9.24476538023175E-06
8.7168889969448E-06
8.25792000107633E-06
7.88253450387324E-06
7.5992290849202E-06
7.41141517139778E-06
7.31771759958183E-06
7.30616093168873E-06
7.35152603144003E-06
7.42551668066333E-06
7.5078337913004E-06
7.58669878900093E-06
7.65327069889369E-06
7.69596221597242E-06
7.70234586928673E-06
7.6668096411725E-06
7.59514567671629E-06
7.50337359214359E-06
7.40709382058509E-06
7.31187938503053E-06
7.21716093399756E-06
7.11535060859235E-06
7.01479061101004E-06
6.89474251418104E-06

