0
7.30E-06
7.38E-06
7.44E-06
7.52E-06
7.62E-06
7.73E-06
7.84E-06
7.91E-06
7.93E-06
7.90E-06
7.86E-06
7.84E-06
7.84E-06
7.87E-06
7.91E-06
7.98E-06
8.09E-06
8.26E-06
8.49E-06
8.79E-06
9.14E-06
9.52E-06
9.94E-06
1.04E-05
1.09E-05
1.14E-05
1.19E-05
1.24E-05
1.28E-05
1.32E-05
1.34E-05
1.36E-05
1.38E-05
1.39E-05
1.41E-05
1.41E-05
1.41E-05
1.41E-05
1.41E-05
1.40E-05
1.40E-05
1.40E-05
1.41E-05
1.43E-05
1.47E-05
1.51E-05
1.56E-05
1.61E-05
1.65E-05
1.68E-05
1.72E-05
1.78E-05
1.84E-05
1.93E-05
2.02E-05
2.11E-05
2.19E-05
2.26E-05
2.32E-05
2.37E-05
2.42E-05
2.45E-05
2.46E-05
2.47E-05
2.47E-05
2.46E-05
2.47E-05
2.48E-05
2.50E-05
2.53E-05
2.56E-05
2.60E-05
2.63E-05
2.67E-05
2.71E-05
2.77E-05
2.85E-05
2.96E-05
3.10E-05
3.27E-05
3.46E-05
3.68E-05
3.92E-05
4.17E-05
4.45E-05
4.74E-05
5.05E-05
5.37E-05
5.67E-05
5.97E-05
6.26E-05
6.56E-05
6.90E-05
7.28E-05
7.69E-05
8.10E-05
8.54E-05
9.01E-05
9.58E-05
0.000102795757302
0.00011121054559
0.000121080213591
0.00013246274736
0.000145634113636
0.000160993338395
0.000178695112014
0.000198600580576
0.000220536857272
0.000243942458526
0.000267462674469
0.000289512921311
0.000309040067392
0.000325729045149
0.000340296223434
0.000354480428769
0.000369906353464
0.000386648602885
0.00040361754104
0.00042082355923
0.000441006300847
0.000468724842503
0.000507181392559
0.000556176402734
0.000613379176946
0.000677927929449
0.000751672978276
0.000835683241051
0.000926480449283
0.001018415061566
0.001111397794164
0.001213323453904
0.001329989940092
0.001453672719007
0.001566003134611
0.001653093170329
0.001718372723394
0.001780426315424
0.001860325446669
0.001974434473247
0.002135087840849
0.002341300410255
0.002573062011481
0.002817255358369
0.003101586664005
0.003495924388666
0.004063819349702
0.004807433209796
0.005677921011319
0.006660798005741
0.007871142796601
0.00957454376926
0.01217989572055
0.016231085381212
0.022236967409954
0.030489034769378
0.041248445775115
0.054842116984406
0.070767837971371
0.086269805100817
0.096235968450718
0.096049851752479
0.085475367598127
0.068943302028005
0.051933174694332
0.037824394462019
0.027416073261534
0.020085698822225
0.014950608859723
0.011340344515549
0.008809342441876
0.007033127172291
0.00576872596461
0.004848256580912
0.004163530261141
0.003637312628438
0.003207041144552
0.002836239188668
0.002522375019458
0.002280476316033
0.002111081187895
0.001985800309054
0.001870617921165
0.00174936060131
0.001619256478857
0.001477576079005
0.001321449708955
0.001159175829368
0.00101178036219
0.000895203618482
0.000806655011548
0.000732032517742
0.000659796082304
0.000586525415376
0.00051471068567
0.000449062727569
0.0003941606184
0.000351877035262
0.000320143254562
0.00029477420353
0.000272672231388
0.000252772805611
0.000234509598632
0.000216981009321
0.000199671913673
0.000182846540038
0.000166845678131
0.000151683610817
0.000137408057787
0.00012442158556
0.000113117027972
0.000103476804914
9.52E-05
8.80E-05
8.18E-05
7.65E-05
7.22E-05
6.90E-05
6.70E-05
6.58E-05
6.50E-05
6.40E-05
6.25E-05
6.07E-05
5.87E-05
5.67E-05
5.48E-05
5.31E-05
5.16E-05
5.00E-05
4.83E-05
4.63E-05
4.42E-05
4.22E-05
4.03E-05
3.87E-05
3.72E-05
3.56E-05
3.40E-05
3.24E-05
3.08E-05
2.94E-05
2.82E-05
2.71E-05
2.60E-05
2.49E-05
2.40E-05
2.32E-05
2.27E-05
2.23E-05
2.21E-05
2.21E-05
2.22E-05
2.24E-05
2.26E-05
2.27E-05
2.27E-05
2.27E-05
2.25E-05
2.22E-05
2.18E-05
2.13E-05
2.07E-05
2.00E-05
1.94E-05
1.87E-05
1.79E-05
1.71E-05
1.63E-05
1.56E-05
1.49E-05
1.44E-05
1.40E-05
1.37E-05
1.36E-05
1.34E-05
1.33E-05
1.32E-05
1.31E-05
1.31E-05
1.31E-05
1.31E-05
1.32E-05
1.32E-05
1.33E-05
1.33E-05
1.34E-05
1.33E-05
1.32E-05
1.29E-05
1.25E-05
1.20E-05
1.16E-05
1.10E-05
1.05E-05
9.98E-06
9.46E-06
8.96E-06
8.49E-06
8.08E-06
7.75E-06
7.54E-06
7.44E-06
7.43E-06
7.46E-06
7.49E-06
7.50E-06
7.48E-06
7.45E-06
7.41E-06
7.40E-06
7.40E-06
7.42E-06
7.43E-06
7.44E-06
7.41E-06
7.34E-06
7.22E-06
7.09E-06
6.97E-06
6.86E-06

