0
7.40E-06
7.54E-06
7.66E-06
7.81E-06
7.94E-06
8.05E-06
8.12E-06
8.14E-06
8.11E-06
8.05E-06
7.98E-06
7.94E-06
7.94E-06
7.96E-06
7.98E-06
8.02E-06
8.10E-06
8.25E-06
8.47E-06
8.77E-06
9.11E-06
9.50E-06
9.93E-06
1.04E-05
1.09E-05
1.15E-05
1.20E-05
1.25E-05
1.29E-05
1.32E-05
1.35E-05
1.37E-05
1.39E-05
1.40E-05
1.41E-05
1.41E-05
1.40E-05
1.39E-05
1.38E-05
1.38E-05
1.38E-05
1.38E-05
1.40E-05
1.43E-05
1.46E-05
1.50E-05
1.55E-05
1.60E-05
1.64E-05
1.68E-05
1.72E-05
1.78E-05
1.86E-05
1.95E-05
2.05E-05
2.13E-05
2.21E-05
2.27E-05
2.33E-05
2.38E-05
2.42E-05
2.44E-05
2.46E-05
2.46E-05
2.46E-05
2.46E-05
2.47E-05
2.48E-05
2.49E-05
2.51E-05
2.54E-05
2.57E-05
2.60E-05
2.64E-05
2.68E-05
2.73E-05
2.82E-05
2.94E-05
3.10E-05
3.28E-05
3.49E-05
3.71E-05
3.94E-05
4.18E-05
4.45E-05
4.73E-05
5.04E-05
5.35E-05
5.67E-05
5.98E-05
6.29E-05
6.61E-05
6.97E-05
7.35E-05
7.74E-05
8.13E-05
8.53E-05
9.00E-05
9.57E-05
0.000102920935704
0.000111617804905
0.000121768122896
0.000133393290982
0.000146717612793
0.000162125488564
0.000179815718871
0.000199734935206
0.000221762080311
0.00024519132905
0.000268385637402
0.000289681608801
0.000308233897481
0.000324085898846
0.000338263762264
0.000352394921342
0.000367643044361
0.000383898253589
0.000400387976998
0.000417551227985
0.000438214736862
0.000466573366803
0.000505352420687
0.000554048168171
0.000610570567022
0.000674879788245
0.000749460847327
0.000835006093911
0.000926776878562
0.001018293828317
0.001109920264948
0.001210480425969
0.001325969128202
0.001448423150326
0.001559671881266
0.001646310299055
0.001711576837096
0.001772841771145
0.001850613987014
0.001962854434302
0.002123303559757
0.00233014738213
0.002561740106756
0.002804411574599
0.00308708763009
0.003480880011985
0.004048747269876
0.004790513130882
0.005655805988682
0.006631658240299
0.007836750506192
0.009539086001743
0.012147232281064
0.016202026436718
0.022206952674093
0.030453468725798
0.041220517594238
0.054874678006568
0.070946130448547
0.086636438805348
0.09669958746037
0.096411547014648
0.085600235930731
0.068859311633059
0.051754975455342
0.037642673349966
0.027261129806259
0.019956960956346
0.014845129009086
0.011258799672731
0.008751557664537
0.006995269264398
0.00574501545281
0.004833485487927
0.004154322356917
0.003632327111539
0.00320612873125
0.002838435049012
0.002525133731191
0.002280954359151
0.002107519894589
0.00197834692676
0.001860797842315
0.001739131742974
0.001610832786359
0.001472896477559
0.001320863258841
0.001160726815357
0.001012850085469
0.000894878303573
0.0008058831637
0.000731944795566
0.000660715557047
0.000588324739937
0.000517306140742
0.000452377248637
0.000397937361312
0.000355783587788
0.000323808715248
0.000297752878933
0.000274554559147
0.000253445625107
0.000234305879598
0.000216532505783
0.00019951052604
0.000183175528656
0.00016767538825
0.00015295577806
0.000138963258842
0.000126019641573
0.00011456270214
0.000104691821981
9.63E-05
8.90E-05
8.28E-05
7.74E-05
7.30E-05
6.94E-05
6.68E-05
6.51E-05
6.40E-05
6.30E-05
6.18E-05
6.03E-05
5.86E-05
5.68E-05
5.50E-05
5.34E-05
5.19E-05
5.04E-05
4.87E-05
4.68E-05
4.48E-05
4.28E-05
4.09E-05
3.92E-05
3.76E-05
3.60E-05
3.44E-05
3.27E-05
3.11E-05
2.97E-05
2.84E-05
2.72E-05
2.60E-05
2.50E-05
2.40E-05
2.32E-05
2.26E-05
2.22E-05
2.20E-05
2.20E-05
2.21E-05
2.23E-05
2.25E-05
2.27E-05
2.29E-05
2.29E-05
2.28E-05
2.25E-05
2.22E-05
2.17E-05
2.12E-05
2.05E-05
1.97E-05
1.89E-05
1.81E-05
1.72E-05
1.63E-05
1.55E-05
1.48E-05
1.42E-05
1.38E-05
1.35E-05
1.33E-05
1.32E-05
1.30E-05
1.29E-05
1.28E-05
1.28E-05
1.29E-05
1.29E-05
1.30E-05
1.32E-05
1.33E-05
1.34E-05
1.34E-05
1.33E-05
1.32E-05
1.29E-05
1.26E-05
1.22E-05
1.17E-05
1.12E-05
1.07E-05
1.02E-05
9.65E-06
9.14E-06
8.64E-06
8.20E-06
7.84E-06
7.57E-06
7.39E-06
7.30E-06
7.27E-06
7.28E-06
7.31E-06
7.36E-06
7.43E-06
7.51E-06
7.58E-06
7.62E-06
7.63E-06
7.61E-06
7.57E-06
7.51E-06
7.43E-06
7.35E-06
7.24E-06
7.13E-06
6.98E-06

