0
6.97350792295631E-06
7.15650118223691E-06
7.31873350055908E-06
7.49672756059448E-06
7.66357298991163E-06
7.79995345747517E-06
7.88972267844969E-06
7.93479063239863E-06
7.9470873200033E-06
7.94044108013907E-06
7.92473555342382E-06
7.90366802950686E-06
7.88216229406968E-06
7.8697803504728E-06
7.87785526571844E-06
7.91612085733089E-06
7.99320479347101E-06
8.12443711594215E-06
8.32619243070623E-06
8.61107772759421E-06
8.99072314485324E-06
9.46798253390259E-06
1.00208216484941E-05
1.06053425154396E-05
1.11792981760562E-05
1.17216626071657E-05
1.2234677807843E-05
1.27227604274237E-05
1.31765179028166E-05
1.35768107262407E-05
1.39049523375606E-05
1.41439795694774E-05
1.42784748312504E-05
1.42990614202178E-05
1.42129167549034E-05
1.40477381309535E-05
1.38446561082285E-05
1.36480963035103E-05
1.3499108018519E-05
1.34296047096415E-05
1.34538795997843E-05
1.35648240989765E-05
1.37558235950001E-05
1.40278537310173E-05
1.43638768325216E-05
1.4733840773926E-05
1.51141031879149E-05
1.55053481761313E-05
1.59375626168156E-05
1.64649615031626E-05
1.71402182409415E-05
1.79740479088057E-05
1.89171845710561E-05
1.98996843545785E-05
2.08660369065586E-05
2.17552431385794E-05
2.25217173178034E-05
2.31623248977921E-05
2.37113914191125E-05
2.42112162917132E-05
2.4672799449012E-05
2.50707995243527E-05
2.53488150820068E-05
2.54457919221096E-05
2.53549416353346E-05
2.51271425636997E-05
2.48451555739983E-05
2.46080214434625E-05
2.45038171504178E-05
2.46003540545305E-05
2.4943365320517E-05
2.55440839299487E-05
2.63774191314423E-05
2.73715853621943E-05
2.83941248427606E-05
2.93066225775672E-05
3.00430903429549E-05
3.06907536466804E-05
3.14672294307634E-05
3.26096936513552E-05
3.42917016290198E-05
3.6562346379223E-05
3.93064710628586E-05
4.22767481299029E-05
4.52287482619641E-05
4.80536077661881E-05
5.07925322927384E-05
5.35499682255704E-05
5.64212100331984E-05
5.9428839449109E-05
6.25222980463187E-05
6.56261722430428E-05
6.86746514679003E-05
7.1683850073538E-05
7.48230440537565E-05
7.83330408270289E-05
8.23685778334047E-05
8.69936685112011E-05
9.23098782107798E-05
9.8535585292708E-05
0.000106040813692
0.000115166740034
0.000125923046465
0.000138017651061
0.000151220671176
0.000165685727359
0.000181851615377
0.000200202738644
0.000221042987624
0.000244104573298
0.000268418057138
0.000292643299339
0.000315432632559
0.000335824630684
0.000353965073649
0.000371280972841
0.000389331961121
0.000408363913543
0.000427579915022
0.000447502310985
0.00047076913574
0.000499895936396
0.000535137708581
0.00057539574791
0.000620163250787
0.00066971629652
0.000725744704
0.000793680290134
0.000879762580289
0.000982505425896
0.001091454972091
0.001198436687639
0.001308167521966
0.001431158844294
0.00156672854436
0.001699891013873
0.001815817079164
0.001910714813291
0.001989804931794
0.002067431342511
0.002172942917152
0.00234475398352
0.002600225945338
0.002913868733306
0.003247236440973
0.003600031147315
0.004012243544274
0.004545228391724
0.005303970607257
0.006454851019218
0.008166419829605
0.01054135273761
0.013717125045049
0.018197936520558
0.025205278489949
0.036577862375859
0.053744517333029
0.075873324134151
0.098317534831338
0.113025907743011
0.112615371039041
0.096656159514871
0.072508187859865
0.049166529839807
0.031689808317562
0.020505652294085
0.013869629402088
0.010005607688915
0.007719627648449
0.00629769733921
0.005344318986071
0.004666910465312
0.004180292322506
0.003829573722625
0.003554352402046
0.003292991822064
0.003008769116255
0.002703727892059
0.002406290859722
0.002146628611351
0.001938269007399
0.001775095894304
0.001640326144171
0.001517324747884
0.001392870170541
0.001261036516433
0.001126616049394
0.000997813421737
0.000880687849195
0.000780234164816
0.000698404192676
0.000631654505148
0.00057317915993
0.000517568731367
0.000463350285407
0.000412043030068
0.0003660917095
0.000327280077018
0.000296365507445
0.000272718830643
0.000253830793746
0.000236532654759
0.000219284509186
0.000202391714222
0.000186497622973
0.000171906214455
0.000158379665999
0.000145298959562
0.000132431781591
0.000120245201956
0.000109366799407
9.99961167142994E-05
9.18723036136182E-05
8.46397230560713E-05
7.81525012139935E-05
7.25776501572186E-05
6.83229006458244E-05
6.56737444898224E-05
6.44614104354404E-05
6.40755545257135E-05
6.37513650945402E-05
6.29677166589818E-05
6.16014666101904E-05
5.98282730650015E-05
5.79482478524376E-05
5.61871145873331E-05
5.46017456339672E-05
5.31129813297232E-05
5.15658813636857E-05
4.98807131445942E-05
4.8130436719278E-05
4.63688445950744E-05
4.45342477337292E-05
4.25565104871421E-05
4.04606236759695E-05
3.83325013517284E-05
3.62312054121138E-05
3.4209276511509E-05
3.23415440548581E-05
3.06734890253255E-05
2.91850449332303E-05
2.7833175366464E-05
2.6621467998722E-05
2.55665254740844E-05
2.46358529620974E-05
2.37886211223961E-05
2.30334086021337E-05
2.24169532290973E-05
2.20135427628474E-05
2.18791069052147E-05
2.19770221556531E-05
2.22009644423882E-05
2.24373727424424E-05
2.26024098150011E-05
2.26485582202573E-05
2.25659526276813E-05
2.23960543230154E-05
2.22041753427123E-05
2.20229847012172E-05
2.1821747889889E-05
2.15405784984656E-05
2.11292000786931E-05
2.05527646497502E-05
1.98116239296032E-05
1.89553402563756E-05
1.8055749123913E-05
1.71765463715848E-05
1.63535616657107E-05
1.55908946808896E-05
1.4888660861395E-05
1.42762220848086E-05
1.38031995709755E-05
1.34833755915365E-05
1.32735654730086E-05
1.31125437479002E-05
1.29619981952863E-05
1.28264003128988E-05
1.27438217885399E-05
1.27445590340983E-05
1.2832573832302E-05
1.29863496758593E-05
1.31596810150672E-05
1.33088849539739E-05
1.3412994372148E-05
1.34648097018421E-05
1.34607151649156E-05
1.33958017691111E-05
1.32802438931827E-05
1.31252511132496E-05
1.29044924686419E-05
1.25754685826054E-05
1.21152883912943E-05
1.15437799773673E-05
1.09187165320463E-05
1.02977189587057E-05
9.71203637058702E-06
9.17006319838686E-06
8.67274488387843E-06
8.22847304899469E-06
7.85625862241927E-06
7.57652056768107E-06
7.3985583197815E-06
7.31370168255357E-06
7.30432508127842E-06
7.34713354180595E-06
7.41632779154934E-06
7.49824720593896E-06
7.5920263595641E-06
7.69332379984389E-06
7.7839358058197E-06
7.83791785725919E-06
7.83969244537175E-06
7.78968976061497E-06
7.70077535669007E-06
7.59003392707663E-06
7.46785136715017E-06
7.34428191699076E-06
7.22747296277759E-06
7.12979182475161E-06
6.99329118490362E-06

