0
7.12E-06
7.26E-06
7.39E-06
7.54E-06
7.70E-06
7.86E-06
7.99E-06
8.05E-06
8.05E-06
8.00E-06
7.94E-06
7.89E-06
7.88E-06
7.89E-06
7.92E-06
7.97E-06
8.06E-06
8.22E-06
8.46E-06
8.79E-06
9.20E-06
9.69E-06
1.02E-05
1.07E-05
1.13E-05
1.18E-05
1.23E-05
1.28E-05
1.32E-05
1.35E-05
1.38E-05
1.39E-05
1.41E-05
1.42E-05
1.42E-05
1.41E-05
1.40E-05
1.39E-05
1.39E-05
1.39E-05
1.39E-05
1.40E-05
1.42E-05
1.44E-05
1.47E-05
1.50E-05
1.53E-05
1.57E-05
1.61E-05
1.66E-05
1.72E-05
1.80E-05
1.88E-05
1.98E-05
2.07E-05
2.16E-05
2.24E-05
2.32E-05
2.38E-05
2.42E-05
2.45E-05
2.46E-05
2.46E-05
2.46E-05
2.45E-05
2.44E-05
2.44E-05
2.45E-05
2.47E-05
2.49E-05
2.51E-05
2.54E-05
2.57E-05
2.62E-05
2.67E-05
2.74E-05
2.83E-05
2.96E-05
3.12E-05
3.30E-05
3.51E-05
3.73E-05
3.96E-05
4.20E-05
4.47E-05
4.76E-05
5.07E-05
5.39E-05
5.71E-05
6.02E-05
6.33E-05
6.64E-05
6.98E-05
7.35E-05
7.74E-05
8.12E-05
8.52E-05
8.97E-05
9.53E-05
1.02E-04
0.000110704492237
0.000120652365533
0.000132308593729
0.000146006852206
0.000162023637143
0.000180265521446
0.0002004850045
0.000222568481705
0.000245916185562
0.000268991094134
0.000290197456687
0.000308744789011
0.000324665490924
0.000338911327217
0.00035306604291
0.000368267842579
0.000384429756402
0.000400930957751
0.000418459038445
0.000439867867798
0.000468907253167
0.00050775326427
0.000555678645059
0.000611060990492
0.000674811337478
0.000749844255848
0.000835993453475
0.000927295214595
0.001017254355457
0.001107392758411
0.001207538850292
0.001323591922145
0.00144690569589
0.001559060061183
0.00164672578024
0.001712653863693
0.001773139167845
0.001848309312869
0.001957520539613
0.0021163822865
0.002323533134138
0.002555958341647
0.002798000614983
0.003078227077005
0.0034691542741
0.004035055738933
0.004774996156774
0.005636815058555
0.006607618774541
0.007807933846269
0.009506914865059
0.012112162659313
0.016161398485168
0.022153752993885
0.030381061755446
0.041137892600975
0.054829914384451
0.071027689118241
0.086906513011597
0.097097196823073
0.096757355674693
0.085754560897555
0.068828822969317
0.051632762778806
0.037507692673311
0.027142067576291
0.019854977474958
0.014758903918794
0.011190442094225
0.00870198318405
0.006961195095969
0.005721440166107
0.004816456354774
0.00414138107617
0.003622647967719
0.003200497983013
0.002837313431221
0.002527250221293
0.002284072030838
0.002110249139371
0.00198144786539
0.001865702730846
0.001745895044007
0.001618379074937
0.001480436793712
0.00132819741352
0.001166966074722
0.001016469022364
0.000895651916245
0.00080545273234
0.00073197145877
0.000661479376536
0.000589381518018
0.000518398078447
0.000453453736969
0.000398971036711
0.000356819766651
0.000324930994763
0.000299013984321
0.000275869613321
0.000254635759806
0.000235245283536
0.00021718591923
0.000199830966746
0.000183084165946
0.000167262626427
0.000152527437128
0.000138824803127
0.000126276403183
0.00011511618367
0.000105313220547
9.67E-05
8.92E-05
8.27E-05
7.73E-05
7.29E-05
6.94E-05
6.67E-05
6.50E-05
6.39E-05
6.31E-05
6.20E-05
6.06E-05
5.89E-05
5.69E-05
5.50E-05
5.33E-05
5.18E-05
5.04E-05
4.88E-05
4.70E-05
4.50E-05
4.30E-05
4.11E-05
3.94E-05
3.78E-05
3.61E-05
3.43E-05
3.25E-05
3.09E-05
2.94E-05
2.81E-05
2.69E-05
2.59E-05
2.51E-05
2.42E-05
2.35E-05
2.28E-05
2.24E-05
2.22E-05
2.21E-05
2.21E-05
2.22E-05
2.24E-05
2.26E-05
2.28E-05
2.29E-05
2.28E-05
2.25E-05
2.21E-05
2.16E-05
2.09E-05
2.02E-05
1.95E-05
1.88E-05
1.81E-05
1.72E-05
1.64E-05
1.55E-05
1.47E-05
1.40E-05
1.35E-05
1.33E-05
1.32E-05
1.32E-05
1.31E-05
1.31E-05
1.30E-05
1.29E-05
1.29E-05
1.30E-05
1.31E-05
1.32E-05
1.34E-05
1.35E-05
1.35E-05
1.35E-05
1.33E-05
1.31E-05
1.27E-05
1.22E-05
1.17E-05
1.13E-05
1.08E-05
1.03E-05
9.77E-06
9.21E-06
8.67E-06
8.21E-06
7.84E-06
7.57E-06
7.40E-06
7.32E-06
7.32E-06
7.37E-06
7.43E-06
7.50E-06
7.57E-06
7.62E-06
7.67E-06
7.70E-06
7.71E-06
7.70E-06
7.65E-06
7.59E-06
7.50E-06
7.41E-06
7.31E-06
7.19E-06
7.01E-06

