0
7.40E-06
7.47E-06
7.54E-06
7.61E-06
7.69E-06
7.77E-06
7.85E-06
7.92E-06
8.01E-06
8.10E-06
8.18E-06
8.24E-06
8.28E-06
8.30E-06
8.32E-06
8.38E-06
8.48E-06
8.65E-06
8.88E-06
9.17E-06
9.52E-06
9.93E-06
1.04E-05
1.09E-05
1.15E-05
1.20E-05
1.24E-05
1.28E-05
1.32E-05
1.35E-05
1.38E-05
1.40E-05
1.41E-05
1.42E-05
1.42E-05
1.42E-05
1.42E-05
1.42E-05
1.42E-05
1.42E-05
1.42E-05
1.43E-05
1.45E-05
1.47E-05
1.50E-05
1.53E-05
1.56E-05
1.60E-05
1.64E-05
1.69E-05
1.76E-05
1.84E-05
1.93E-05
2.03E-05
2.13E-05
2.22E-05
2.29E-05
2.35E-05
2.39E-05
2.42E-05
2.45E-05
2.47E-05
2.48E-05
2.49E-05
2.48E-05
2.47E-05
2.48E-05
2.50E-05
2.52E-05
2.56E-05
2.60E-05
2.64E-05
2.70E-05
2.75E-05
2.80E-05
2.86E-05
2.93E-05
3.04E-05
3.18E-05
3.36E-05
3.56E-05
3.79E-05
4.03E-05
4.29E-05
4.56E-05
4.86E-05
5.18E-05
5.50E-05
5.81E-05
6.12E-05
6.42E-05
6.73E-05
7.07E-05
7.44E-05
7.82E-05
8.20E-05
8.59E-05
9.04E-05
9.59E-05
0.000102881426354
0.000111486448534
0.000121712406143
0.000133702569453
0.000147795563826
0.000164200955469
0.000182694628478
0.000202971065206
0.000225032996838
0.000248512827628
0.000272016821585
0.000293786273499
0.000312648237924
0.000328464137352
0.000342339895089
0.000356106573281
0.000371032260844
0.00038698060408
0.00040330763768
0.000420812968513
0.000442373952358
0.00047157708056
0.000510537407144
0.000558679679264
0.000614769570179
0.000680116958812
0.000757341830849
0.00084529174066
0.000937370908087
0.001027290688991
0.001117230099456
0.001217419920602
0.001333386619885
0.001455691676299
0.001565776646429
0.001650944310953
0.001713978626584
0.001770820157484
0.001842237393937
0.001949085083626
0.002107656630996
0.002315502357406
0.002547819826221
0.002788066624585
0.003065151919111
0.003452264679141
0.004013631126831
0.004747134839159
0.005600262512214
0.00656210086431
0.00775541609066
0.009449281238836
0.012047580647675
0.016081168899092
0.022042670880217
0.030223293011197
0.040932346331385
0.054621697256134
0.070925177817068
0.087021376763995
0.097427540114682
0.097147295778889
0.086032420701202
0.068947350825139
0.051646761094958
0.037481516520647
0.027105680185329
0.019815493778218
0.014719419398998
0.011155217990481
0.008674177644408
0.006940305744345
0.00570534258683
0.004804102270002
0.004132955295588
0.003618863670565
0.003201850202694
0.002842605445791
0.002533407787661
0.002287879201712
0.002110429147821
0.001979424635757
0.001863964231962
0.001746217829029
0.001621535486289
0.001486481059408
0.001336404274144
0.001175349062446
0.001022429122063
0.000898084848691
0.000805664780724
0.000732120502794
0.000662704748065
0.000591675924574
0.000521211104896
0.000455925676721
0.000400166403598
0.000356306795144
0.000323232872278
0.000297210288103
0.000274659207941
0.000254006895332
0.00023488534478
0.000217017663389
0.000200121662153
0.000184081823033
0.000168947429127
0.000154589323052
0.000140848725509
0.000128055226296
0.000116752144598
0.000107039231785
9.87E-05
9.14E-05
8.50E-05
7.94E-05
7.46E-05
7.07E-05
6.76E-05
6.55E-05
6.43E-05
6.35E-05
6.25E-05
6.10E-05
5.91E-05
5.71E-05
5.51E-05
5.32E-05
5.16E-05
5.00E-05
4.84E-05
4.66E-05
4.46E-05
4.26E-05
4.07E-05
3.90E-05
3.74E-05
3.58E-05
3.41E-05
3.24E-05
3.08E-05
2.93E-05
2.80E-05
2.69E-05
2.58E-05
2.48E-05
2.40E-05
2.33E-05
2.28E-05
2.24E-05
2.22E-05
2.20E-05
2.19E-05
2.19E-05
2.20E-05
2.21E-05
2.21E-05
2.21E-05
2.21E-05
2.19E-05
2.16E-05
2.12E-05
2.07E-05
2.01E-05
1.96E-05
1.90E-05
1.83E-05
1.76E-05
1.68E-05
1.60E-05
1.52E-05
1.46E-05
1.40E-05
1.36E-05
1.34E-05
1.33E-05
1.32E-05
1.31E-05
1.30E-05
1.30E-05
1.30E-05
1.30E-05
1.31E-05
1.32E-05
1.32E-05
1.32E-05
1.32E-05
1.31E-05
1.31E-05
1.29E-05
1.27E-05
1.23E-05
1.18E-05
1.13E-05
1.08E-05
1.02E-05
9.74E-06
9.27E-06
8.85E-06
8.48E-06
8.17E-06
7.90E-06
7.68E-06
7.51E-06
7.40E-06
7.38E-06
7.46E-06
7.61E-06
7.79E-06
7.93E-06
8.00E-06
7.99E-06
7.92E-06
7.82E-06
7.73E-06
7.64E-06
7.56E-06
7.46E-06
7.33E-06
7.21E-06
7.03E-06

