0
7.41E-06
7.57E-06
7.66E-06
7.74E-06
7.79E-06
7.84E-06
7.91E-06
8.01E-06
8.11E-06
8.20E-06
8.27E-06
8.31E-06
8.33E-06
8.33E-06
8.35E-06
8.41E-06
8.53E-06
8.72E-06
8.95E-06
9.21E-06
9.53E-06
9.92E-06
1.04E-05
1.09E-05
1.15E-05
1.19E-05
1.24E-05
1.27E-05
1.30E-05
1.33E-05
1.36E-05
1.38E-05
1.39E-05
1.40E-05
1.40E-05
1.40E-05
1.40E-05
1.40E-05
1.40E-05
1.40E-05
1.41E-05
1.43E-05
1.46E-05
1.50E-05
1.54E-05
1.58E-05
1.62E-05
1.65E-05
1.68E-05
1.73E-05
1.79E-05
1.88E-05
1.99E-05
2.09E-05
2.17E-05
2.23E-05
2.28E-05
2.32E-05
2.35E-05
2.38E-05
2.41E-05
2.43E-05
2.45E-05
2.47E-05
2.48E-05
2.50E-05
2.51E-05
2.53E-05
2.56E-05
2.60E-05
2.66E-05
2.72E-05
2.79E-05
2.84E-05
2.88E-05
2.93E-05
3.00E-05
3.11E-05
3.25E-05
3.42E-05
3.63E-05
3.85E-05
4.10E-05
4.37E-05
4.64E-05
4.93E-05
5.23E-05
5.53E-05
5.82E-05
6.12E-05
6.42E-05
6.75E-05
7.10E-05
7.48E-05
7.86E-05
8.23E-05
8.63E-05
9.09E-05
9.67E-05
1.04E-04
0.000113288672159
0.000123871482357
0.00013603251358
0.000150174028725
0.0001666459032
0.000185351282872
0.000205957650559
0.000228261559476
0.000251714940724
0.000274911994544
0.000296222844749
0.000314523607802
0.000329730696003
0.000343189211245
0.000356928266765
0.000372115270193
0.000388209205817
0.000404356795238
0.000421673666685
0.000443412091493
0.000473249637634
0.000513239915203
0.000562654062573
0.000620092524346
0.000686531135913
0.00076407802349
0.000851361336903
0.000942211121663
0.001031242760706
0.001121536125913
0.001223375498085
0.001341157566133
0.001464055841221
0.001573154283068
0.00165669148584
0.001718147212883
0.001773215282967
0.001841928823905
0.001944660046768
0.002098309679705
0.002301578713064
0.002530396295873
0.002768437322211
0.003044372654401
0.003431420140753
0.00399395219568
0.004728389625864
0.005579751773288
0.006535990767004
0.007720392647407
0.009402422619276
0.011983688986322
0.015990612861522
0.021913732595817
0.030047531766484
0.04071626684783
0.054415367588325
0.070838283214212
0.087163956535276
0.097797716310597
0.097589523576508
0.086367779234338
0.069116571843809
0.051695727788336
0.037471847757244
0.027069395267914
0.019763647406663
0.014659856300776
0.011097818090584
0.008627307677471
0.006905908002105
0.005680392693157
0.004785145125423
0.004118110657849
0.003607608489689
0.003194204815105
0.002837792797828
0.002529558816183
0.002283083432322
0.002103772341868
0.001971495546298
0.001855980847089
0.001738962996595
0.001615461476854
0.001482221852523
0.001334584418446
0.001175387743398
0.001022246144842
0.000896244148041
0.000802940637519
0.000730207092156
0.000662396501111
0.000592720418681
0.000522944022246
0.000457628151211
0.000401334109247
0.000356847593597
0.000323478079985
0.000297671795176
0.000275592890093
0.000255254544947
0.000236133575374
0.000218081051044
0.000201003162264
0.000184886756435
0.000169820970925
0.000155670668327
0.000142174730465
0.000129402880672
0.000117743547016
0.000107449243296
9.85E-05
9.08E-05
8.41E-05
7.84E-05
7.36E-05
6.98E-05
6.69E-05
6.50E-05
6.38E-05
6.28E-05
6.16E-05
5.99E-05
5.81E-05
5.64E-05
5.47E-05
5.31E-05
5.16E-05
5.00E-05
4.83E-05
4.65E-05
4.46E-05
4.27E-05
4.10E-05
3.94E-05
3.80E-05
3.66E-05
3.52E-05
3.36E-05
3.19E-05
3.03E-05
2.88E-05
2.74E-05
2.62E-05
2.51E-05
2.42E-05
2.35E-05
2.28E-05
2.23E-05
2.19E-05
2.17E-05
2.16E-05
2.16E-05
2.18E-05
2.21E-05
2.23E-05
2.23E-05
2.22E-05
2.20E-05
2.16E-05
2.13E-05
2.09E-05
2.05E-05
2.00E-05
1.95E-05
1.88E-05
1.81E-05
1.73E-05
1.65E-05
1.57E-05
1.49E-05
1.43E-05
1.39E-05
1.36E-05
1.35E-05
1.34E-05
1.32E-05
1.30E-05
1.29E-05
1.29E-05
1.29E-05
1.29E-05
1.30E-05
1.31E-05
1.32E-05
1.32E-05
1.32E-05
1.30E-05
1.28E-05
1.25E-05
1.21E-05
1.18E-05
1.13E-05
1.09E-05
1.04E-05
9.93E-06
9.48E-06
9.10E-06
8.76E-06
8.47E-06
8.19E-06
7.95E-06
7.76E-06
7.62E-06
7.55E-06
7.52E-06
7.52E-06
7.55E-06
7.61E-06
7.69E-06
7.77E-06
7.83E-06
7.86E-06
7.84E-06
7.76E-06
7.63E-06
7.46E-06
7.25E-06
7.04E-06
6.79E-06

