0
7.12E-06
7.27E-06
7.39E-06
7.53E-06
7.68E-06
7.83E-06
7.97E-06
8.10E-06
8.19E-06
8.26E-06
8.29E-06
8.31E-06
8.34E-06
8.39E-06
8.46E-06
8.54E-06
8.64E-06
8.78E-06
8.98E-06
9.25E-06
9.61E-06
1.00E-05
1.05E-05
1.10E-05
1.15E-05
1.20E-05
1.24E-05
1.28E-05
1.31E-05
1.34E-05
1.36E-05
1.39E-05
1.40E-05
1.40E-05
1.40E-05
1.39E-05
1.38E-05
1.38E-05
1.39E-05
1.40E-05
1.42E-05
1.45E-05
1.49E-05
1.53E-05
1.57E-05
1.60E-05
1.63E-05
1.66E-05
1.69E-05
1.74E-05
1.80E-05
1.88E-05
1.98E-05
2.07E-05
2.15E-05
2.22E-05
2.29E-05
2.33E-05
2.37E-05
2.39E-05
2.41E-05
2.42E-05
2.43E-05
2.45E-05
2.46E-05
2.48E-05
2.50E-05
2.53E-05
2.56E-05
2.61E-05
2.67E-05
2.73E-05
2.78E-05
2.81E-05
2.84E-05
2.89E-05
2.97E-05
3.09E-05
3.24E-05
3.42E-05
3.63E-05
3.86E-05
4.11E-05
4.37E-05
4.65E-05
4.93E-05
5.21E-05
5.49E-05
5.75E-05
6.02E-05
6.31E-05
6.65E-05
7.04E-05
7.45E-05
7.86E-05
8.25E-05
8.64E-05
9.10E-05
9.69E-05
1.04E-04
0.000113401517169
0.000123965171467
0.000136064860842
0.000150063651394
0.000166313353856
0.000184814237642
0.00020541448576
0.000227838522992
0.000251233543845
0.000274020818984
0.000294642334548
0.000312142661831
0.000326654772229
0.000339826905305
0.000353881403707
0.000369764297784
0.000386441592063
0.000402806338297
0.000420137519304
0.000441959280723
0.000472080919943
0.00051248776435
0.000562220918259
0.000619709598863
0.000685807042376
0.000762474620735
0.000848406946222
0.000937930262791
0.001026262842152
0.001116812509332
0.001219489107569
0.00133774134692
0.001459850264073
0.001566748889605
0.001647483997007
0.001706630591935
0.001760890851241
0.00183055900575
0.001935236022623
0.002091102139748
0.002296602660193
0.002527273154203
0.00276615094861
0.003041629310248
0.003427371999203
0.003987396656771
0.004716353470308
0.005558656488636
0.006504285088529
0.007679350889229
0.009355755412492
0.011936376038209
0.015944312199617
0.021862583052864
0.029983944628368
0.040651751541016
0.054411940028251
0.071006097810977
0.087569986207227
0.09834857767487
0.098051633234439
0.086568949903066
0.069071311964488
0.051524778117222
0.037277740608446
0.026894355902551
0.019616706034106
0.014542453663823
0.01100930264066
0.008563691000789
0.006860020817764
0.005645380949642
0.004757058907113
0.004095277417778
0.003589582128644
0.003181023118996
0.002828849470404
0.0025230249286
0.002276604101402
0.002095862775785
0.001962395738098
0.001847017624624
0.00173121327127
0.001609146535257
0.00147736707983
0.00133171612002
0.001174740550575
0.001022806879691
0.000896788804362
0.000803507518064
0.000731782378176
0.000665555534315
0.0005970009435
0.000527279061127
0.000460925561683
0.000402823051336
0.000356415626243
0.000321839731232
0.000296008570368
0.000274780977384
0.000255404435095
0.000236849205947
0.000218886911707
0.000201575781297
0.000185181958274
0.000169978330421
0.000155848202331
0.000142474837243
0.000129813982847
0.00011819762661
0.000107919550498
9.90E-05
9.12E-05
8.44E-05
7.84E-05
7.35E-05
6.95E-05
6.66E-05
6.47E-05
6.35E-05
6.25E-05
6.13E-05
5.97E-05
5.80E-05
5.62E-05
5.46E-05
5.30E-05
5.15E-05
5.01E-05
4.86E-05
4.69E-05
4.51E-05
4.33E-05
4.14E-05
3.97E-05
3.83E-05
3.69E-05
3.54E-05
3.39E-05
3.22E-05
3.07E-05
2.93E-05
2.80E-05
2.68E-05
2.58E-05
2.48E-05
2.39E-05
2.31E-05
2.24E-05
2.19E-05
2.16E-05
2.15E-05
2.14E-05
2.15E-05
2.17E-05
2.19E-05
2.20E-05
2.20E-05
2.19E-05
2.17E-05
2.14E-05
2.10E-05
2.05E-05
1.99E-05
1.93E-05
1.87E-05
1.80E-05
1.73E-05
1.66E-05
1.58E-05
1.51E-05
1.45E-05
1.41E-05
1.39E-05
1.37E-05
1.35E-05
1.34E-05
1.32E-05
1.31E-05
1.31E-05
1.31E-05
1.31E-05
1.32E-05
1.33E-05
1.33E-05
1.33E-05
1.32E-05
1.30E-05
1.29E-05
1.27E-05
1.24E-05
1.20E-05
1.15E-05
1.10E-05
1.05E-05
1.00E-05
9.57E-06
9.18E-06
8.83E-06
8.51E-06
8.24E-06
8.02E-06
7.85E-06
7.76E-06
7.73E-06
7.74E-06
7.79E-06
7.84E-06
7.90E-06
7.96E-06
8.02E-06
8.06E-06
8.06E-06
8.01E-06
7.91E-06
7.76E-06
7.58E-06
7.37E-06
7.18E-06
6.99E-06

