0
7.14E-06
7.28E-06
7.43E-06
7.61E-06
7.80E-06
7.97E-06
8.10E-06
8.21E-06
8.29E-06
8.35E-06
8.40E-06
8.41E-06
8.40E-06
8.41E-06
8.44E-06
8.51E-06
8.59E-06
8.71E-06
8.87E-06
9.11E-06
9.44E-06
9.85E-06
1.03E-05
1.08E-05
1.13E-05
1.17E-05
1.21E-05
1.25E-05
1.28E-05
1.31E-05
1.34E-05
1.37E-05
1.39E-05
1.40E-05
1.41E-05
1.41E-05
1.40E-05
1.40E-05
1.40E-05
1.41E-05
1.44E-05
1.47E-05
1.51E-05
1.55E-05
1.58E-05
1.60E-05
1.63E-05
1.65E-05
1.68E-05
1.74E-05
1.81E-05
1.89E-05
1.99E-05
2.09E-05
2.18E-05
2.25E-05
2.31E-05
2.34E-05
2.37E-05
2.39E-05
2.41E-05
2.42E-05
2.43E-05
2.45E-05
2.46E-05
2.48E-05
2.50E-05
2.54E-05
2.57E-05
2.61E-05
2.65E-05
2.69E-05
2.73E-05
2.75E-05
2.78E-05
2.84E-05
2.93E-05
3.06E-05
3.23E-05
3.43E-05
3.66E-05
3.90E-05
4.13E-05
4.38E-05
4.64E-05
4.91E-05
5.19E-05
5.48E-05
5.76E-05
6.04E-05
6.34E-05
6.67E-05
7.03E-05
7.41E-05
7.79E-05
8.16E-05
8.56E-05
9.06E-05
9.68E-05
1.05E-04
0.000113618271224
0.000124153262663
0.000136239877255
0.000150215286803
0.000166296977184
0.000184442623427
0.000204644466913
0.000226643554342
0.000249437785311
0.000271529005811
0.000291582292098
0.000308750512846
0.000323167301999
0.000336446238535
0.000350743170723
0.000366758184324
0.000383248031004
0.000399114472704
0.000415823950492
0.000437328634143
0.000467800570622
0.000509211973864
0.00056022655817
0.000618753828465
0.000685214030958
0.000761415657143
0.000846384548725
0.000935128911578
0.001023456339691
0.001114862842255
0.001218606485425
0.001337195132422
0.001458446889177
0.001563645252776
0.001642614656036
0.001700545879761
0.001754471106011
0.00182427261938
0.001928730737865
0.002083769339521
0.002288001047014
0.002517316931989
0.002755255079993
0.003030314872945
0.003416013219722
0.003975647017725
0.004702648566755
0.005540868485561
0.006480721573733
0.00764910673387
0.009319133343116
0.011893624497875
0.015890852007888
0.021787440731268
0.029878804488109
0.040531600807163
0.054343315801478
0.071103323887059
0.087910139265537
0.098859636197624
0.098517995029678
0.086814527294644
0.069091539752991
0.051423645004161
0.037148661696852
0.026773909829898
0.019509229273333
0.01444885220673
0.010933998136604
0.008509502958331
0.006823423070406
0.00561948897172
0.004736753870378
0.004078146683059
0.003575293575506
0.003170536693568
0.002822499499807
0.002519241793515
0.002272652023393
0.002089504898815
0.001953062521325
0.001835876269824
0.001719958697968
0.001598727097144
0.001468040753284
0.001324051964954
0.001169321985019
0.001018827683308
0.000892491268847
0.00079801770474
0.000725930204548
0.000661038540125
0.000594761723973
0.000526972133495
0.00046158536593
0.000403600419629
0.00035690553145
0.000321984835708
0.000295884502992
0.000274443838481
0.000254910578039
0.00023644001155
0.000218905695295
0.000202129833624
0.000186031827312
0.000170717266156
0.000156137323781
0.000142195449147
0.000129067432741
0.000117206388397
0.000106942351266
9.82E-05
9.08E-05
8.44E-05
7.87E-05
7.40E-05
7.01E-05
6.72E-05
6.51E-05
6.36E-05
6.24E-05
6.12E-05
5.97E-05
5.81E-05
5.64E-05
5.47E-05
5.31E-05
5.16E-05
5.03E-05
4.89E-05
4.73E-05
4.56E-05
4.37E-05
4.18E-05
3.99E-05
3.83E-05
3.68E-05
3.52E-05
3.35E-05
3.18E-05
3.02E-05
2.88E-05
2.77E-05
2.66E-05
2.56E-05
2.47E-05
2.38E-05
2.30E-05
2.23E-05
2.19E-05
2.17E-05
2.16E-05
2.16E-05
2.17E-05
2.18E-05
2.19E-05
2.20E-05
2.20E-05
2.19E-05
2.18E-05
2.16E-05
2.12E-05
2.07E-05
2.02E-05
1.95E-05
1.87E-05
1.80E-05
1.72E-05
1.65E-05
1.57E-05
1.51E-05
1.45E-05
1.40E-05
1.37E-05
1.35E-05
1.34E-05
1.32E-05
1.31E-05
1.30E-05
1.30E-05
1.30E-05
1.31E-05
1.32E-05
1.32E-05
1.32E-05
1.31E-05
1.30E-05
1.28E-05
1.27E-05
1.25E-05
1.22E-05
1.18E-05
1.14E-05
1.09E-05
1.04E-05
9.96E-06
9.58E-06
9.26E-06
8.96E-06
8.67E-06
8.41E-06
8.16E-06
7.94E-06
7.77E-06
7.66E-06
7.62E-06
7.65E-06
7.72E-06
7.81E-06
7.89E-06
7.94E-06
7.93E-06
7.87E-06
7.78E-06
7.67E-06
7.56E-06
7.47E-06
7.38E-06
7.30E-06
7.19E-06

