0
7.14E-06
7.31E-06
7.49E-06
7.69E-06
7.87E-06
8.02E-06
8.15E-06
8.24E-06
8.28E-06
8.29E-06
8.30E-06
8.33E-06
8.40E-06
8.49E-06
8.60E-06
8.69E-06
8.77E-06
8.85E-06
9.01E-06
9.28E-06
9.65E-06
1.01E-05
1.06E-05
1.11E-05
1.15E-05
1.19E-05
1.22E-05
1.25E-05
1.28E-05
1.31E-05
1.35E-05
1.37E-05
1.39E-05
1.40E-05
1.40E-05
1.40E-05
1.39E-05
1.39E-05
1.40E-05
1.43E-05
1.45E-05
1.49E-05
1.53E-05
1.57E-05
1.60E-05
1.63E-05
1.65E-05
1.68E-05
1.71E-05
1.77E-05
1.85E-05
1.94E-05
2.04E-05
2.12E-05
2.19E-05
2.24E-05
2.28E-05
2.32E-05
2.35E-05
2.38E-05
2.39E-05
2.39E-05
2.40E-05
2.42E-05
2.44E-05
2.47E-05
2.50E-05
2.54E-05
2.58E-05
2.62E-05
2.67E-05
2.71E-05
2.74E-05
2.77E-05
2.81E-05
2.87E-05
2.97E-05
3.10E-05
3.26E-05
3.45E-05
3.65E-05
3.88E-05
4.10E-05
4.35E-05
4.60E-05
4.87E-05
5.14E-05
5.42E-05
5.70E-05
5.98E-05
6.28E-05
6.62E-05
6.98E-05
7.35E-05
7.73E-05
8.11E-05
8.54E-05
9.04E-05
9.66E-05
0.00010407311301
0.000113051294801
0.000123612311866
0.000135919576909
0.000150159906075
0.000166355952847
0.000184453789673
0.000204544782857
0.000226294333204
0.000248491851971
0.000269638916372
0.000288710571752
0.00030528246033
0.000319789117337
0.000333780589835
0.000348992270016
0.000365609443735
0.000382119238684
0.00039757316885
0.000413884495731
0.000435500263592
0.00046665080672
0.000508911951641
0.000560539248376
0.000619180094318
0.000685072805365
0.000760157762735
0.000844011788491
0.000932283652495
0.001021367751229
0.001114784703686
0.001220820956167
0.001340663247091
0.001461462447413
0.001564907519359
0.001641742312573
0.00169810527078
0.001751612601864
0.001821601266713
0.001926060762894
0.002080520575719
0.002282961054307
0.002508889675593
0.002742749695485
0.003014614588523
0.003399333368698
0.003960217802546
0.004689554495898
0.0055299500653
0.006470979195672
0.00763946903404
0.009309327739039
0.011883310234546
0.015875608917106
0.021757183664134
0.029825296599246
0.040468695833117
0.054335223308863
0.071255703487321
0.088280236368348
0.099349493133703
0.098898358191064
0.08692655137389
0.068966384852306
0.051194517203615
0.036923564110999
0.026592736936202
0.019371321735584
0.014344806753524
0.010858047158832
0.008458133167311
0.006791188619511
0.005600034354455
0.004725701635144
0.004072745635364
0.003573351364095
0.003170976482117
0.002825245272657
0.002523668148614
0.002277033287608
0.00209219719307
0.001953808142263
0.001835985827806
0.001721037881933
0.001601068281478
0.001470275684341
0.001324915859633
0.00116871002625
0.001016892098373
0.000889185878499
0.000793540673928
0.000720979809308
0.000656771818204
0.000592043384523
0.000525792607609
0.000461417152899
0.000403861639418
0.000357133766881
0.000321859745796
0.000295321505993
0.000273604598619
0.000254088340225
0.000236000428224
0.00021919615966
0.000203233848089
0.000187690072468
0.000172585606513
0.000158034417271
0.000144102412844
0.000130954496438
0.000118979663637
0.000108506004296
9.95E-05
9.18E-05
8.51E-05
7.93E-05
7.43E-05
7.02E-05
6.71E-05
6.49E-05
6.35E-05
6.24E-05
6.13E-05
6.00E-05
5.84E-05
5.67E-05
5.50E-05
5.35E-05
5.21E-05
5.08E-05
4.94E-05
4.78E-05
4.62E-05
4.44E-05
4.26E-05
4.08E-05
3.90E-05
3.75E-05
3.59E-05
3.43E-05
3.27E-05
3.11E-05
2.97E-05
2.84E-05
2.72E-05
2.61E-05
2.52E-05
2.44E-05
2.36E-05
2.29E-05
2.23E-05
2.19E-05
2.17E-05
2.16E-05
2.17E-05
2.19E-05
2.21E-05
2.22E-05
2.22E-05
2.21E-05
2.20E-05
2.18E-05
2.15E-05
2.10E-05
2.05E-05
1.98E-05
1.91E-05
1.83E-05
1.76E-05
1.68E-05
1.61E-05
1.55E-05
1.50E-05
1.45E-05
1.42E-05
1.40E-05
1.38E-05
1.36E-05
1.34E-05
1.33E-05
1.33E-05
1.33E-05
1.34E-05
1.35E-05
1.35E-05
1.35E-05
1.35E-05
1.33E-05
1.31E-05
1.28E-05
1.25E-05
1.23E-05
1.19E-05
1.15E-05
1.11E-05
1.07E-05
1.02E-05
9.81E-06
9.43E-06
9.10E-06
8.80E-06
8.55E-06
8.33E-06
8.14E-06
7.99E-06
7.89E-06
7.86E-06
7.89E-06
7.95E-06
8.01E-06
8.03E-06
8.00E-06
7.91E-06
7.79E-06
7.68E-06
7.58E-06
7.49E-06
7.38E-06
7.24E-06
7.09E-06
6.88E-06

