0
7.32E-06
7.46E-06
7.58E-06
7.70E-06
7.80E-06
7.90E-06
8.00E-06
8.13E-06
8.29E-06
8.47E-06
8.63E-06
8.74E-06
8.80E-06
8.82E-06
8.83E-06
8.87E-06
8.94E-06
9.09E-06
9.32E-06
9.63E-06
1.00E-05
1.04E-05
1.08E-05
1.11E-05
1.15E-05
1.19E-05
1.22E-05
1.26E-05
1.29E-05
1.32E-05
1.35E-05
1.36E-05
1.37E-05
1.37E-05
1.37E-05
1.37E-05
1.38E-05
1.40E-05
1.42E-05
1.44E-05
1.48E-05
1.52E-05
1.56E-05
1.59E-05
1.63E-05
1.65E-05
1.68E-05
1.71E-05
1.75E-05
1.80E-05
1.87E-05
1.94E-05
2.01E-05
2.08E-05
2.14E-05
2.19E-05
2.25E-05
2.30E-05
2.33E-05
2.36E-05
2.38E-05
2.39E-05
2.41E-05
2.43E-05
2.46E-05
2.49E-05
2.52E-05
2.54E-05
2.57E-05
2.61E-05
2.65E-05
2.69E-05
2.73E-05
2.77E-05
2.83E-05
2.90E-05
3.01E-05
3.13E-05
3.27E-05
3.44E-05
3.64E-05
3.86E-05
4.09E-05
4.35E-05
4.62E-05
4.89E-05
5.16E-05
5.42E-05
5.68E-05
5.95E-05
6.25E-05
6.59E-05
6.97E-05
7.35E-05
7.72E-05
8.10E-05
8.50E-05
9.00E-05
9.62E-05
0.000103945912968
0.000113260922668
0.000124119724729
0.000136682113321
0.000151171227685
0.000167614962735
0.000185944051904
0.000206215481387
0.000228063456987
0.000250224449933
0.000271196350513
0.000290056551536
0.000306508861402
0.000321068209432
0.000335079207921
0.000349863884868
0.000365463492453
0.000380764156312
0.000395554223541
0.00041224843907
0.000435159942133
0.000468004898233
0.000511892533469
0.000564783829317
0.000624137690287
0.000690264804727
0.000765470857893
0.000849461880215
0.000937635677922
0.001026234014691
0.001118688271713
0.001223129248891
0.001340840145865
0.001459217355657
0.001560128688175
0.00163468138729
0.001689930370846
0.001744322403704
0.001816568312267
0.001923186772562
0.002078699387872
0.002281112650695
0.002506517429567
0.002739137279831
0.003008227192508
0.003388574583741
0.003943740323264
0.004666634960066
0.005501470374725
0.006438637962845
0.007603491368959
0.009267891511734
0.01183257602875
0.015807819915114
0.021661575760854
0.029694404507677
0.040313581392214
0.054216405725568
0.071289630877056
0.08856010317344
0.099824288267755
0.099358300822915
0.087182724595322
0.068999860644623
0.051102856802069
0.036798976230306
0.026473101246134
0.01926240074274
0.014247391901339
0.010776343957922
0.008397015847195
0.006750061499659
0.005573391716578
0.004708888783272
0.004063248606618
0.003569110082587
0.003170102533694
0.002826535483839
0.002526046198807
0.002278942408892
0.002092384691139
0.001952314564431
0.001834047153353
0.001719973906354
0.001601236248865
0.001471066024813
0.001325980812651
0.001170112488719
0.001018300223016
0.000890115509279
0.000794108388904
0.000722108531052
0.000659730694323
0.000597316139993
0.000532546814346
0.00046817772371
0.000409275951741
0.000360516772157
0.000323432626043
0.000295884912766
0.000273914382548
0.000254513468846
0.000236546144554
0.000219683012992
0.000203516940793
0.000187718586321
0.000172490667341
0.000158186013009
0.000144806558396
0.000132178681808
0.000120424743171
0.000109873162988
1.01E-04
9.27E-05
8.58E-05
7.98E-05
7.46E-05
7.02E-05
6.68E-05
6.42E-05
6.26E-05
6.16E-05
6.08E-05
5.97E-05
5.83E-05
5.67E-05
5.50E-05
5.34E-05
5.19E-05
5.06E-05
4.93E-05
4.78E-05
4.60E-05
4.41E-05
4.22E-05
4.04E-05
3.88E-05
3.73E-05
3.59E-05
3.44E-05
3.28E-05
3.12E-05
2.98E-05
2.85E-05
2.74E-05
2.64E-05
2.54E-05
2.45E-05
2.36E-05
2.28E-05
2.22E-05
2.19E-05
2.16E-05
2.15E-05
2.16E-05
2.17E-05
2.19E-05
2.22E-05
2.23E-05
2.23E-05
2.21E-05
2.18E-05
2.14E-05
2.09E-05
2.03E-05
1.97E-05
1.91E-05
1.84E-05
1.77E-05
1.69E-05
1.62E-05
1.55E-05
1.49E-05
1.44E-05
1.41E-05
1.38E-05
1.36E-05
1.35E-05
1.34E-05
1.33E-05
1.32E-05
1.32E-05
1.32E-05
1.32E-05
1.33E-05
1.34E-05
1.34E-05
1.34E-05
1.33E-05
1.31E-05
1.29E-05
1.26E-05
1.22E-05
1.18E-05
1.14E-05
1.09E-05
1.05E-05
1.00E-05
9.55E-06
9.13E-06
8.75E-06
8.43E-06
8.15E-06
7.92E-06
7.77E-06
7.69E-06
7.69E-06
7.74E-06
7.82E-06
7.88E-06
7.90E-06
7.87E-06
7.79E-06
7.70E-06
7.62E-06
7.54E-06
7.45E-06
7.34E-06
7.20E-06
7.07E-06
6.91E-06

