0
7.17E-06
7.27E-06
7.40E-06
7.53E-06
7.66E-06
7.76E-06
7.86E-06
7.98E-06
8.11E-06
8.26E-06
8.41E-06
8.54E-06
8.66E-06
8.76E-06
8.87E-06
8.99E-06
9.17E-06
9.40E-06
9.68E-06
9.99E-06
1.03E-05
1.07E-05
1.10E-05
1.14E-05
1.17E-05
1.19E-05
1.21E-05
1.23E-05
1.25E-05
1.28E-05
1.31E-05
1.33E-05
1.34E-05
1.35E-05
1.35E-05
1.35E-05
1.36E-05
1.37E-05
1.40E-05
1.43E-05
1.48E-05
1.53E-05
1.57E-05
1.61E-05
1.64E-05
1.67E-05
1.69E-05
1.71E-05
1.74E-05
1.79E-05
1.86E-05
1.94E-05
2.02E-05
2.09E-05
2.16E-05
2.21E-05
2.25E-05
2.28E-05
2.30E-05
2.32E-05
2.33E-05
2.35E-05
2.37E-05
2.39E-05
2.42E-05
2.46E-05
2.49E-05
2.53E-05
2.56E-05
2.59E-05
2.62E-05
2.66E-05
2.69E-05
2.73E-05
2.80E-05
2.89E-05
3.01E-05
3.15E-05
3.31E-05
3.49E-05
3.69E-05
3.90E-05
4.12E-05
4.35E-05
4.61E-05
4.87E-05
5.13E-05
5.39E-05
5.65E-05
5.91E-05
6.19E-05
6.52E-05
6.88E-05
7.25E-05
7.62E-05
8.00E-05
8.43E-05
8.96E-05
9.63E-05
0.000104479242954
0.000114102363674
0.000125150945978
0.00013784704273
0.000152447014005
0.000168938267585
0.000187233254358
0.00020747792618
0.000229391815144
0.000251650566137
0.000272595996798
0.000291191390426
0.000307191926928
0.000321286254779
0.000334953911003
0.000349543614929
0.00036515415157
0.000380731889877
0.000396056619262
0.000413474194327
0.000437137574369
0.000470611105781
0.000514833043291
0.000567708732284
0.000626878943732
0.000692895726453
0.000767988359049
0.000851457279938
0.000938744941837
0.001026848138366
0.0011196901903
0.001224883355629
0.001342549347049
0.001459263981023
0.001557136712959
0.001628521663341
0.001681940764309
0.001736168117891
0.00180860846935
0.001914883036828
0.002069618848005
0.00227058108299
0.002493503059384
0.002722743899203
0.002988221863048
0.003365380090818
0.003917623202044
0.004637934369578
0.005471400214992
0.006408632040572
0.007573076594076
0.009233725960322
0.011788723732605
0.015744696238474
0.021567162134112
0.029562536674453
0.040164777581865
0.054127948711808
0.071388175837627
0.088926456507091
0.100374614399776
0.099855158111026
0.087436359804631
0.069006097535065
0.050971600248814
0.036631264985505
0.02631660040181
0.019131734415696
0.0141468740835
0.010707464065158
0.008357169561079
0.006730329105439
0.005562847273069
0.004701090620809
0.00405615646879
0.003561875100603
0.003162301899822
0.00281857044765
0.002518420356008
0.002271557267745
0.002084757867243
0.001944081412746
0.001825502989087
0.001712068413825
0.001594598273556
0.001465348321815
0.001321163040089
0.001166935619949
0.001016970081962
0.000890093281714
0.000794838229094
0.000723378226849
0.00066180692834
0.000600667067244
0.000537108811521
0.000473239784694
0.000413972586526
0.000364271912548
0.000326107272983
0.000297550619037
0.000274625685791
0.000254304970962
0.000235595940792
0.000218365416944
0.000202311525272
0.00018694505376
0.000172117514643
0.000158060002385
0.000144863315854
0.00013237120906
0.000120609445939
0.000109857909589
1.00E-04
9.21E-05
8.51E-05
7.93E-05
7.44E-05
7.02E-05
6.68E-05
6.43E-05
6.26E-05
6.15E-05
6.05E-05
5.93E-05
5.76E-05
5.58E-05
5.42E-05
5.26E-05
5.12E-05
4.99E-05
4.86E-05
4.72E-05
4.56E-05
4.39E-05
4.22E-05
4.04E-05
3.88E-05
3.73E-05
3.59E-05
3.45E-05
3.29E-05
3.13E-05
2.98E-05
2.84E-05
2.73E-05
2.63E-05
2.54E-05
2.45E-05
2.36E-05
2.28E-05
2.22E-05
2.17E-05
2.15E-05
2.14E-05
2.14E-05
2.15E-05
2.17E-05
2.19E-05
2.20E-05
2.20E-05
2.19E-05
2.16E-05
2.13E-05
2.09E-05
2.04E-05
1.98E-05
1.92E-05
1.85E-05
1.78E-05
1.72E-05
1.65E-05
1.58E-05
1.51E-05
1.45E-05
1.41E-05
1.38E-05
1.36E-05
1.35E-05
1.34E-05
1.34E-05
1.33E-05
1.32E-05
1.32E-05
1.31E-05
1.31E-05
1.31E-05
1.31E-05
1.31E-05
1.31E-05
1.31E-05
1.29E-05
1.26E-05
1.23E-05
1.18E-05
1.14E-05
1.10E-05
1.05E-05
1.02E-05
9.80E-06
9.45E-06
9.10E-06
8.75E-06
8.42E-06
8.15E-06
7.97E-06
7.87E-06
7.84E-06
7.85E-06
7.87E-06
7.88E-06
7.86E-06
7.81E-06
7.72E-06
7.59E-06
7.45E-06
7.32E-06
7.19E-06
7.08E-06
6.96E-06
6.84E-06
6.70E-06

