0
7.18E-06
7.40E-06
7.59E-06
7.75E-06
7.86E-06
7.95E-06
8.03E-06
8.10E-06
8.19E-06
8.30E-06
8.42E-06
8.54E-06
8.64E-06
8.72E-06
8.80E-06
8.92E-06
9.12E-06
9.41E-06
9.77E-06
1.02E-05
1.06E-05
1.10E-05
1.13E-05
1.16E-05
1.19E-05
1.21E-05
1.23E-05
1.25E-05
1.28E-05
1.30E-05
1.32E-05
1.34E-05
1.34E-05
1.34E-05
1.35E-05
1.35E-05
1.37E-05
1.39E-05
1.42E-05
1.46E-05
1.49E-05
1.53E-05
1.57E-05
1.60E-05
1.63E-05
1.65E-05
1.68E-05
1.71E-05
1.76E-05
1.82E-05
1.90E-05
1.98E-05
2.06E-05
2.12E-05
2.18E-05
2.23E-05
2.26E-05
2.30E-05
2.33E-05
2.36E-05
2.38E-05
2.40E-05
2.41E-05
2.42E-05
2.44E-05
2.46E-05
2.48E-05
2.50E-05
2.52E-05
2.54E-05
2.58E-05
2.62E-05
2.66E-05
2.71E-05
2.78E-05
2.88E-05
2.99E-05
3.14E-05
3.31E-05
3.51E-05
3.72E-05
3.95E-05
4.18E-05
4.43E-05
4.68E-05
4.95E-05
5.21E-05
5.46E-05
5.70E-05
5.95E-05
6.23E-05
6.56E-05
6.94E-05
7.32E-05
7.68E-05
8.04E-05
8.45E-05
8.98E-05
9.66E-05
0.000104957508458
0.000114697211129
0.000125760445483
0.000138382619734
0.000152881846036
0.000169331857983
0.000187700283325
0.000208048025182
0.00022994569724
0.000252034652815
0.000272781148769
0.000291174292776
0.000306902519705
0.000320651463185
0.000333974007289
0.000348364438345
0.000363982935041
0.000379746078493
0.000395474824082
0.00041353456164
0.000437946541414
0.000471998849476
0.000516213078901
0.000568322965744
0.000626521591307
0.000692189148204
0.00076774657894
0.000851901909933
0.00093945504162
0.001027183729493
0.001119072171552
0.001222794292071
0.001338705976719
0.001454064613982
0.001551464172386
0.001623141838631
0.001677232367852
0.001731925326418
0.00180451607472
0.001911762445961
0.002068989336762
0.002272763581582
0.002496631453621
0.002723198508746
0.002982783781011
0.003352994615617
0.003898890579476
0.004614542032001
0.005445711420459
0.006382431820038
0.007546198736357
0.009203557707385
0.011749856480288
0.015687858436662
0.021481236465738
0.029441257747614
0.040023776962986
0.054036813440442
0.071468784038751
0.089260156609221
0.100883681248917
0.100312318619466
0.087661547435515
0.069000322785971
0.050844505132682
0.036477977901698
0.026174975759694
0.019008034011335
0.014042355097295
0.010625032931426
0.008297901789467
0.006689724062201
0.005533538242213
0.004678522981292
0.004039132457998
0.003550052999094
0.003155305221529
0.002815802428284
0.00251842988732
0.00227231339404
0.002084719947109
0.00194256647719
0.001822535465811
0.00170862890238
0.001592390670167
0.001465520418278
0.001323865948431
0.001171375496201
0.001021345951519
0.000892736425217
0.000795438741316
0.000722764065726
0.000660979260767
0.000600405832873
0.000537788345662
0.000474679853215
0.000415654427402
0.000365653062068
0.000326936990678
0.000298011818668
0.000275146372356
0.000255155057181
0.000236746352547
0.000219600957598
0.00020344069329
0.000187962029746
0.000173148627628
0.000159238939283
0.000146219853476
0.000133836685603
0.000122077812616
0.000111212054347
1.01E-04
9.29E-05
8.56E-05
7.96E-05
7.45E-05
7.02E-05
6.66E-05
6.38E-05
6.20E-05
6.10E-05
6.03E-05
5.94E-05
5.81E-05
5.65E-05
5.49E-05
5.33E-05
5.17E-05
5.03E-05
4.89E-05
4.74E-05
4.59E-05
4.41E-05
4.23E-05
4.04E-05
3.86E-05
3.70E-05
3.57E-05
3.43E-05
3.29E-05
3.13E-05
2.99E-05
2.87E-05
2.75E-05
2.66E-05
2.57E-05
2.49E-05
2.41E-05
2.33E-05
2.27E-05
2.22E-05
2.18E-05
2.17E-05
2.16E-05
2.16E-05
2.17E-05
2.17E-05
2.17E-05
2.16E-05
2.16E-05
2.14E-05
2.12E-05
2.08E-05
2.04E-05
1.98E-05
1.92E-05
1.85E-05
1.79E-05
1.72E-05
1.66E-05
1.59E-05
1.53E-05
1.48E-05
1.44E-05
1.41E-05
1.39E-05
1.38E-05
1.38E-05
1.38E-05
1.37E-05
1.35E-05
1.34E-05
1.34E-05
1.34E-05
1.34E-05
1.34E-05
1.33E-05
1.31E-05
1.29E-05
1.27E-05
1.24E-05
1.21E-05
1.17E-05
1.13E-05
1.09E-05
1.05E-05
1.02E-05
9.81E-06
9.48E-06
9.18E-06
8.90E-06
8.66E-06
8.47E-06
8.35E-06
8.28E-06
8.23E-06
8.18E-06
8.12E-06
8.06E-06
8.01E-06
7.95E-06
7.89E-06
7.79E-06
7.68E-06
7.57E-06
7.45E-06
7.32E-06
7.18E-06
7.04E-06
6.87E-06

