0
7.16E-06
7.25E-06
7.33E-06
7.40E-06
7.48E-06
7.58E-06
7.70E-06
7.86E-06
8.05E-06
8.23E-06
8.39E-06
8.50E-06
8.60E-06
8.72E-06
8.89E-06
9.11E-06
9.38E-06
9.68E-06
1.00E-05
1.03E-05
1.07E-05
1.11E-05
1.15E-05
1.19E-05
1.22E-05
1.25E-05
1.27E-05
1.29E-05
1.31E-05
1.33E-05
1.33E-05
1.33E-05
1.33E-05
1.33E-05
1.33E-05
1.33E-05
1.34E-05
1.35E-05
1.37E-05
1.41E-05
1.45E-05
1.49E-05
1.54E-05
1.58E-05
1.62E-05
1.66E-05
1.69E-05
1.74E-05
1.79E-05
1.86E-05
1.94E-05
2.01E-05
2.08E-05
2.14E-05
2.19E-05
2.24E-05
2.28E-05
2.31E-05
2.32E-05
2.33E-05
2.34E-05
2.35E-05
2.36E-05
2.37E-05
2.38E-05
2.39E-05
2.41E-05
2.42E-05
2.44E-05
2.47E-05
2.52E-05
2.57E-05
2.63E-05
2.71E-05
2.80E-05
2.91E-05
3.04E-05
3.19E-05
3.36E-05
3.56E-05
3.77E-05
4.00E-05
4.24E-05
4.50E-05
4.75E-05
5.01E-05
5.27E-05
5.51E-05
5.75E-05
6.00E-05
6.28E-05
6.61E-05
6.95E-05
7.28E-05
7.60E-05
7.94E-05
8.36E-05
8.90E-05
9.58E-05
0.00010415870445
0.000113841524523
0.000124830104514
0.000137436356344
0.000152011839326
0.000168590113916
0.000187101271184
0.000207495916949
0.000229271869105
0.000251142744684
0.000271650836623
0.000289717685951
0.000305021844994
0.000318462961355
0.000331763059847
0.000346273037971
0.000361792070705
0.000377173384863
0.000392612462034
0.000410750431821
0.000435462430188
0.000469594185263
0.000513275611606
0.00056446287106
0.000622311532348
0.000688841341808
0.000765745723787
0.000850249276495
0.000936553447351
0.001022239640476
0.001112580653453
0.001215631900415
0.001331233630904
0.001446374857708
0.001543863299771
0.001616318896251
0.001671897009231
0.00172812081011
0.001801798118866
0.001910059569074
0.00206857666864
0.002273207535831
0.002495799809261
0.002717684419466
0.002970649266677
0.003335139345415
0.003877242867126
0.004590709827915
0.005421245007924
0.0063590683132
0.007525430232383
0.009186345046989
0.011735416235406
0.015671069500674
0.021454098669838
0.029401609374399
0.039993006422246
0.054083029840759
0.071691108227442
0.089697081300816
0.101416337596256
0.100702613994263
0.087760063513648
0.06885345746576
0.050594524472777
0.036233305158849
0.025973734971335
0.018850080031365
0.013920002544197
0.010533775062027
0.008234487809795
0.006648032960066
0.005506230582888
0.004661506956323
0.004030674292667
0.003547729978681
0.003156380219048
0.002818682924319
0.00252208801907
0.002275191300899
0.002085138822821
0.001940156500491
0.00181882560957
0.001706157334177
0.001593142567697
0.001469820970769
0.001330849122229
0.00117961558845
0.001028669878877
0.000897106439902
0.000796647469165
0.000722493573995
0.000661089925776
0.000601820048569
0.000540570374603
0.000478270938313
0.000419180547634
0.000368374697222
0.000328583037511
0.000298792785207
0.000275570675711
0.000255665254342
0.000237461523792
0.000220374814641
0.000204116436707
0.000188557088147
0.000173793326235
0.00016002171049
0.000147119931405
0.000134778835508
0.000122974772686
0.00011206050603
1.02E-04
9.41E-05
8.71E-05
8.11E-05
7.59E-05
7.12E-05
6.73E-05
6.42E-05
6.21E-05
6.08E-05
5.99E-05
5.91E-05
5.78E-05
5.63E-05
5.45E-05
5.29E-05
5.13E-05
4.99E-05
4.85E-05
4.71E-05
4.55E-05
4.38E-05
4.20E-05
4.02E-05
3.86E-05
3.73E-05
3.61E-05
3.48E-05
3.34E-05
3.18E-05
3.03E-05
2.89E-05
2.77E-05
2.67E-05
2.59E-05
2.51E-05
2.43E-05
2.35E-05
2.28E-05
2.23E-05
2.19E-05
2.16E-05
2.15E-05
2.14E-05
2.15E-05
2.16E-05
2.17E-05
2.17E-05
2.16E-05
2.13E-05
2.09E-05
2.05E-05
2.00E-05
1.95E-05
1.89E-05
1.84E-05
1.79E-05
1.73E-05
1.68E-05
1.61E-05
1.55E-05
1.50E-05
1.46E-05
1.43E-05
1.41E-05
1.40E-05
1.39E-05
1.38E-05
1.36E-05
1.35E-05
1.33E-05
1.32E-05
1.32E-05
1.32E-05
1.31E-05
1.29E-05
1.28E-05
1.25E-05
1.22E-05
1.20E-05
1.17E-05
1.13E-05
1.10E-05
1.07E-05
1.04E-05
1.01E-05
9.78E-06
9.50E-06
9.23E-06
8.98E-06
8.77E-06
8.60E-06
8.46E-06
8.37E-06
8.30E-06
8.26E-06
8.24E-06
8.24E-06
8.23E-06
8.18E-06
8.07E-06
7.93E-06
7.75E-06
7.56E-06
7.34E-06
7.14E-06
6.97E-06
6.86E-06
6.78E-06

