0
7.17E-06
7.28E-06
7.35E-06
7.44E-06
7.55E-06
7.68E-06
7.81E-06
7.94E-06
8.05E-06
8.14E-06
8.26E-06
8.42E-06
8.63E-06
8.87E-06
9.11E-06
9.34E-06
9.58E-06
9.87E-06
1.02E-05
1.06E-05
1.10E-05
1.14E-05
1.17E-05
1.19E-05
1.21E-05
1.23E-05
1.25E-05
1.28E-05
1.30E-05
1.31E-05
1.32E-05
1.31E-05
1.31E-05
1.30E-05
1.30E-05
1.31E-05
1.33E-05
1.36E-05
1.40E-05
1.44E-05
1.48E-05
1.51E-05
1.55E-05
1.58E-05
1.61E-05
1.65E-05
1.69E-05
1.75E-05
1.82E-05
1.90E-05
1.98E-05
2.06E-05
2.12E-05
2.18E-05
2.22E-05
2.26E-05
2.29E-05
2.31E-05
2.33E-05
2.34E-05
2.35E-05
2.35E-05
2.35E-05
2.35E-05
2.35E-05
2.36E-05
2.37E-05
2.39E-05
2.43E-05
2.49E-05
2.55E-05
2.61E-05
2.67E-05
2.74E-05
2.83E-05
2.94E-05
3.08E-05
3.24E-05
3.42E-05
3.63E-05
3.85E-05
4.07E-05
4.30E-05
4.55E-05
4.80E-05
5.06E-05
5.31E-05
5.55E-05
5.78E-05
6.01E-05
6.26E-05
6.55E-05
6.86E-05
7.17E-05
7.48E-05
7.83E-05
8.25E-05
8.80E-05
9.49E-05
0.000103388136942
0.000113195220548
0.000124390416192
0.000137262603777
0.000152068948442
0.000168835327836
0.0001875925858
0.000208253451942
0.000230110908505
0.000251790907707
0.000271856522532
0.000289267276969
0.000303860412408
0.000316840337064
0.000330132135898
0.000344927901947
0.000360695403129
0.000376123751479
0.000391490890991
0.000409509530735
0.000434069645103
0.00046809044812
0.000511698700616
0.000562882203436
0.00062098773875
0.000688022959244
0.000765285065147
0.00084967173344
0.000935503518297
0.001020685713808
0.001110834774474
0.001214162754808
0.001330419554168
0.001446449614827
0.001544696710509
0.001617544576113
0.001672880318056
0.001727829454828
0.00179974561529
0.001906862439632
0.00206510001967
0.002269376889619
0.002490320406483
0.002708957901858
0.00295866262144
0.003321130608528
0.003861590374095
0.004572958263391
0.005401534745552
0.006338591611773
0.007504719777562
0.009162466772023
0.011700076135979
0.015610831785578
0.021355171421855
0.029258576746714
0.039826688166608
0.053969757081982
0.07175748645528
0.09002895666525
0.101943720078052
0.10120148876391
0.088037647494304
0.068891293717864
0.050493071712601
0.036090849134412
0.025835592540231
0.018726387159809
0.013811891429517
0.010444854748483
0.008169017715208
0.006604172966298
0.00547656003832
0.004640301138373
0.004015735908563
0.00353725408386
0.003148608591674
0.002813080874851
0.002518379444047
0.002272432303605
0.002082135598953
0.00193584739456
0.001812404866268
0.00169759329071
0.001583628470973
0.001461394218977
0.001325278152584
0.001177253251397
0.001027713069581
0.000895092873823
0.000792994260559
0.000718674754809
0.000658515842769
0.000600733764802
0.000540805043499
0.000479645681219
0.000421252574128
0.000370483095257
0.000330266135736
0.000300096426483
0.00027684658686
0.000257185323976
0.000239251360081
0.000222341168251
0.000206247233013
0.000190866698439
0.000176110438337
0.000161972897052
0.000148432347868
0.000135502179384
0.000123322915083
0.000112219186556
0.000102439064363
9.40E-05
8.69E-05
8.09E-05
7.58E-05
7.15E-05
6.78E-05
6.48E-05
6.25E-05
6.09E-05
5.99E-05
5.89E-05
5.78E-05
5.63E-05
5.46E-05
5.29E-05
5.13E-05
4.98E-05
4.85E-05
4.71E-05
4.56E-05
4.39E-05
4.21E-05
4.04E-05
3.88E-05
3.74E-05
3.62E-05
3.49E-05
3.35E-05
3.19E-05
3.03E-05
2.89E-05
2.76E-05
2.67E-05
2.59E-05
2.53E-05
2.46E-05
2.40E-05
2.33E-05
2.26E-05
2.21E-05
2.18E-05
2.16E-05
2.15E-05
2.15E-05
2.15E-05
2.15E-05
2.15E-05
2.14E-05
2.12E-05
2.10E-05
2.07E-05
2.03E-05
1.98E-05
1.93E-05
1.87E-05
1.81E-05
1.76E-05
1.70E-05
1.65E-05
1.59E-05
1.54E-05
1.49E-05
1.45E-05
1.42E-05
1.41E-05
1.39E-05
1.37E-05
1.36E-05
1.34E-05
1.32E-05
1.30E-05
1.30E-05
1.29E-05
1.29E-05
1.27E-05
1.25E-05
1.22E-05
1.20E-05
1.17E-05
1.15E-05
1.13E-05
1.10E-05
1.08E-05
1.06E-05
1.03E-05
1.01E-05
9.83E-06
9.60E-06
9.42E-06
9.26E-06
9.13E-06
8.99E-06
8.84E-06
8.70E-06
8.57E-06
8.45E-06
8.32E-06
8.16E-06
7.99E-06
7.83E-06
7.70E-06
7.59E-06
7.50E-06
7.42E-06
7.33E-06
7.22E-06
7.09E-06
6.93E-06

