0
7.11E-06
7.28E-06
7.39E-06
7.48E-06
7.59E-06
7.74E-06
7.92E-06
8.12E-06
8.30E-06
8.47E-06
8.63E-06
8.79E-06
8.94E-06
9.10E-06
9.28E-06
9.50E-06
9.74E-06
1.00E-05
1.04E-05
1.07E-05
1.11E-05
1.15E-05
1.18E-05
1.20E-05
1.22E-05
1.24E-05
1.26E-05
1.28E-05
1.30E-05
1.31E-05
1.32E-05
1.32E-05
1.32E-05
1.32E-05
1.33E-05
1.34E-05
1.35E-05
1.38E-05
1.40E-05
1.44E-05
1.47E-05
1.51E-05
1.54E-05
1.58E-05
1.61E-05
1.65E-05
1.71E-05
1.78E-05
1.86E-05
1.95E-05
2.03E-05
2.10E-05
2.16E-05
2.20E-05
2.24E-05
2.27E-05
2.30E-05
2.33E-05
2.35E-05
2.36E-05
2.37E-05
2.38E-05
2.38E-05
2.39E-05
2.40E-05
2.43E-05
2.47E-05
2.51E-05
2.57E-05
2.63E-05
2.68E-05
2.72E-05
2.75E-05
2.79E-05
2.86E-05
2.96E-05
3.10E-05
3.27E-05
3.46E-05
3.67E-05
3.89E-05
4.12E-05
4.36E-05
4.60E-05
4.85E-05
5.10E-05
5.34E-05
5.58E-05
5.80E-05
6.04E-05
6.32E-05
6.62E-05
6.95E-05
7.28E-05
7.61E-05
7.97E-05
8.41E-05
8.97E-05
9.68E-05
0.000105424995695
0.000115356600723
0.000126634919937
0.000139606631345
0.000154540511234
0.000171478990661
0.000190493526635
0.000211428149878
0.000233413822554
0.000255043556101
0.00027497912462
0.000292288420846
0.000306924537908
0.000320162291436
0.000333862819568
0.000348868985563
0.000364351467653
0.000379162274322
0.000394000374765
0.000411851301323
0.000436600144667
0.000471036926389
0.000515122541438
0.0005668826117
0.000625940010968
0.000694324460195
0.000772886189487
0.000858051874053
0.000943962441144
0.001028750896816
0.001118543368918
0.001221670157706
0.001337258602963
0.001451659584743
0.001547602358088
0.001618371694836
0.001672039070598
0.001725025210918
0.001795012212133
0.001901266124761
0.002059464973305
0.00226253633247
0.002479126292722
0.002690619001859
0.002933451299757
0.003291412157939
0.003828971716244
0.004537620772452
0.005363238371505
0.006297388032478
0.007459408986391
0.009108369143939
0.011628301457115
0.015508795175928
0.021210724868754
0.029066422265332
0.039600018910588
0.05376700203497
0.071694652213044
0.090217160632192
0.102373015821584
0.101692296829615
0.088382760061793
0.069024976911023
0.050478179384918
0.036013425287981
0.025745786479321
0.018642702482202
0.0137403892124
0.01038949323681
0.008132387860192
0.006583522246704
0.005464362397825
0.004630675820366
0.004007451376283
0.003531400004553
0.003146511055599
0.002815547321543
0.002524681231978
0.002280499020283
0.002089941785272
0.001942008940961
0.001816173711773
0.001699087547905
0.0015838159693
0.001461757766913
0.001327420883107
0.001182192725061
0.00103449254472
0.000901096027097
0.000796419470254
0.000719911356786
0.000659018641363
0.00060159209542
0.000542534587275
0.000482113153834
0.00042375642289
0.000372408152942
0.000331464654377
0.000300793600076
0.000277381624943
0.000257680879927
0.000239515875451
0.000222205777478
0.000205840248999
0.000190418335066
0.000175704978591
0.000161646926687
0.000148354102724
0.000135909437582
0.000124270420586
0.000113496396349
0.000103780120567
9.53E-05
8.79E-05
8.17E-05
7.63E-05
7.19E-05
6.81E-05
6.50E-05
6.26E-05
6.09E-05
5.96E-05
5.87E-05
5.78E-05
5.66E-05
5.51E-05
5.35E-05
5.19E-05
5.04E-05
4.89E-05
4.74E-05
4.57E-05
4.40E-05
4.22E-05
4.04E-05
3.87E-05
3.72E-05
3.59E-05
3.48E-05
3.35E-05
3.19E-05
3.03E-05
2.89E-05
2.77E-05
2.68E-05
2.60E-05
2.52E-05
2.44E-05
2.37E-05
2.29E-05
2.22E-05
2.17E-05
2.13E-05
2.10E-05
2.10E-05
2.10E-05
2.11E-05
2.11E-05
2.11E-05
2.09E-05
2.08E-05
2.06E-05
2.03E-05
2.00E-05
1.96E-05
1.92E-05
1.87E-05
1.82E-05
1.77E-05
1.73E-05
1.68E-05
1.63E-05
1.58E-05
1.53E-05
1.49E-05
1.46E-05
1.43E-05
1.41E-05
1.39E-05
1.37E-05
1.35E-05
1.34E-05
1.32E-05
1.30E-05
1.29E-05
1.28E-05
1.26E-05
1.24E-05
1.22E-05
1.20E-05
1.17E-05
1.16E-05
1.14E-05
1.12E-05
1.09E-05
1.07E-05
1.04E-05
1.01E-05
9.81E-06
9.55E-06
9.34E-06
9.17E-06
9.01E-06
8.84E-06
8.66E-06
8.49E-06
8.35E-06
8.24E-06
8.13E-06
8.02E-06
7.92E-06
7.82E-06
7.71E-06
7.61E-06
7.51E-06
7.42E-06
7.30E-06
7.15E-06
6.99E-06
6.82E-06

