0
7.31E-06
7.40E-06
7.46E-06
7.51E-06
7.56E-06
7.65E-06
7.79E-06
7.99E-06
8.23E-06
8.47E-06
8.68E-06
8.88E-06
9.07E-06
9.27E-06
9.49E-06
9.72E-06
9.97E-06
1.03E-05
1.06E-05
1.10E-05
1.13E-05
1.16E-05
1.19E-05
1.20E-05
1.22E-05
1.23E-05
1.25E-05
1.27E-05
1.29E-05
1.31E-05
1.32E-05
1.32E-05
1.32E-05
1.32E-05
1.32E-05
1.33E-05
1.35E-05
1.38E-05
1.42E-05
1.47E-05
1.52E-05
1.57E-05
1.61E-05
1.64E-05
1.67E-05
1.71E-05
1.75E-05
1.81E-05
1.88E-05
1.95E-05
2.02E-05
2.08E-05
2.13E-05
2.17E-05
2.20E-05
2.23E-05
2.26E-05
2.29E-05
2.30E-05
2.31E-05
2.32E-05
2.33E-05
2.35E-05
2.38E-05
2.41E-05
2.45E-05
2.49E-05
2.53E-05
2.59E-05
2.65E-05
2.71E-05
2.75E-05
2.78E-05
2.82E-05
2.89E-05
2.99E-05
3.13E-05
3.29E-05
3.48E-05
3.69E-05
3.90E-05
4.11E-05
4.32E-05
4.55E-05
4.79E-05
5.04E-05
5.30E-05
5.54E-05
5.78E-05
6.04E-05
6.33E-05
6.65E-05
7.00E-05
7.34E-05
7.68E-05
8.04E-05
8.47E-05
9.02E-05
9.74E-05
0.000106092950006
0.000116210274949
0.000127675636725
0.000140800114447
0.000155893452941
0.000173063757773
0.000192366428763
0.00021344016011
0.00023512631289
0.000255909053141
0.000274657590288
0.000290830353508
0.000304792069696
0.000318061153466
0.000332373329327
0.000348018527429
0.000363591095754
0.000377939293468
0.000392392564216
0.000410682004509
0.000436888571222
0.000473331660988
0.000519238915103
0.000572108858292
0.000631416435013
0.000699239356438
0.000776464401936
0.000859555644146
0.000942847926194
0.001025061463226
0.001113053307424
0.001215571537043
0.001331502387861
0.001446482887875
0.001542709674927
0.001613320414499
0.001666248473975
0.001718079826518
0.001787490859488
0.001894431307122
0.00205453692095
0.002259681332384
0.002476287960328
0.002684713271634
0.002923026324461
0.003276018747694
0.003807537993041
0.004509452813511
0.005329465458587
0.006260511139942
0.007420824755593
0.009066439670511
0.01157784785128
0.015440056487257
0.021112240777045
0.028936071872372
0.039464610291176
0.053704881189471
0.071821099059667
0.09059683268207
0.102921465144537
0.102188365751038
0.088645484415029
0.069042247372173
0.05035050043053
0.035838653553155
0.025572483381513
0.018487981793319
0.01361129944808
0.010290151865332
0.008063385161445
0.006540515291988
0.00543982880689
0.004618018076823
0.004002194060602
0.003530200596093
0.003147842238556
0.002819683527809
0.002531023697026
0.00228617432344
0.002091459421195
0.001937499283902
0.001806521587147
0.001687378094536
0.001573655783259
0.001455709273766
0.001326315266648
0.001185483119988
0.00104012623174
0.000905925508827
0.000798387208567
0.000719369134097
0.000657617030969
0.000600534574936
0.00054222127154
0.000482554492707
0.000424602806406
0.000373023857355
0.000331325754724
0.000299820014861
0.000275958867291
0.000256272210314
0.000238305666379
0.000221192932634
0.000205118705538
0.000190190058957
0.000176050057929
0.000162470295177
0.000149447042676
0.000136995937259
0.000125142882218
0.000114117105235
0.000104240826066
9.56E-05
8.82E-05
8.19E-05
7.65E-05
7.20E-05
6.81E-05
6.50E-05
6.26E-05
6.08E-05
5.96E-05
5.86E-05
5.76E-05
5.64E-05
5.50E-05
5.35E-05
5.19E-05
5.04E-05
4.89E-05
4.76E-05
4.61E-05
4.45E-05
4.29E-05
4.11E-05
3.95E-05
3.80E-05
3.66E-05
3.54E-05
3.42E-05
3.27E-05
3.11E-05
2.96E-05
2.83E-05
2.72E-05
2.62E-05
2.53E-05
2.44E-05
2.36E-05
2.28E-05
2.21E-05
2.15E-05
2.12E-05
2.10E-05
2.09E-05
2.09E-05
2.11E-05
2.12E-05
2.13E-05
2.12E-05
2.10E-05
2.08E-05
2.06E-05
2.03E-05
1.99E-05
1.94E-05
1.89E-05
1.83E-05
1.78E-05
1.72E-05
1.67E-05
1.61E-05
1.56E-05
1.52E-05
1.48E-05
1.45E-05
1.42E-05
1.40E-05
1.38E-05
1.35E-05
1.33E-05
1.31E-05
1.30E-05
1.30E-05
1.29E-05
1.28E-05
1.26E-05
1.25E-05
1.22E-05
1.20E-05
1.19E-05
1.17E-05
1.15E-05
1.14E-05
1.12E-05
1.09E-05
1.06E-05
1.03E-05
9.96E-06
9.63E-06
9.35E-06
9.14E-06
9.00E-06
8.89E-06
8.81E-06
8.72E-06
8.62E-06
8.50E-06
8.36E-06
8.20E-06
8.04E-06
7.92E-06
7.84E-06
7.76E-06
7.68E-06
7.56E-06
7.43E-06
7.29E-06
7.15E-06
6.99E-06

