0
7.08001740041899E-06
7.16747886463847E-06
7.28511736852971E-06
7.44510950558624E-06
7.62176331449596E-06
7.79012011767101E-06
7.94096006857034E-06
8.08159928098312E-06
8.2201366571756E-06
8.36456883085175E-06
8.51836047503705E-06
8.68058945878982E-06
8.85108592541674E-06
9.03320260050967E-06
9.23479169753555E-06
9.46895874857868E-06
9.74718351507953E-06
1.00688423810523E-05
1.04246987111691E-05
1.07990933790905E-05
1.11678628816075E-05
1.15197921970783E-05
1.18527641774807E-05
1.21516342316475E-05
1.23947748950735E-05
1.25819271967292E-05
1.27356629989342E-05
1.28709643944266E-05
1.29786653285611E-05
1.30379959633682E-05
1.30455522912298E-05
1.30237500846162E-05
1.30030283245584E-05
1.30162070403244E-05
1.30944634381195E-05
1.32450667170271E-05
1.3447199549113E-05
1.36892094407873E-05
1.39761100745847E-05
1.43135641775361E-05
1.47048242969178E-05
1.51375513534666E-05
1.55807026991629E-05
1.5998883628593E-05
1.63813531207071E-05
1.67570232301909E-05
1.71800846852143E-05
1.76868699184716E-05
1.82858076292227E-05
1.89692060991192E-05
1.97120494447268E-05
2.04783996545504E-05
2.12274072427639E-05
2.18965287854776E-05
2.24263035785101E-05
2.28177147560468E-05
2.31113265940348E-05
2.33389940930927E-05
2.35118035251032E-05
2.36142180017951E-05
2.3620689302536E-05
2.35124011004712E-05
2.33171832940047E-05
2.31140520823307E-05
2.2993916923212E-05
2.30537183429354E-05
2.33627623135736E-05
2.39061242257824E-05
2.46103677936043E-05
2.53962881067651E-05
2.61760314301058E-05
2.68589511892962E-05
2.74236428535732E-05
2.79575061282542E-05
2.86114012747052E-05
2.95036736001304E-05
3.07011882432955E-05
3.22586803238855E-05
3.41929264335473E-05
3.64162176771158E-05
3.87507997911924E-05
4.10487596033916E-05
4.32661432417955E-05
4.54318518986467E-05
4.75987826704125E-05
4.9813961702147E-05
5.20784380554666E-05
5.43723286524618E-05
5.66979970793698E-05
5.9067123000598E-05
6.15016119751509E-05
6.40673021093859E-05
6.6850976661918E-05
6.99042189758766E-05
7.32554648380534E-05
7.70107038273104E-05
8.13627504287867E-05
8.65795910611812E-05
9.30408606900996E-05
0.000101037629475
0.000110497129142
0.000121043621265
0.000132356421191
0.000144486720394
0.000157859441636
0.000173149916113
0.000190956823543
0.000211176433474
0.000232775038656
0.000254457937316
0.000275371800238
0.000295038367445
0.000313096120884
0.000329652973674
0.000345657050351
0.000362305579917
0.000380024141591
0.000398872992399
0.000419474796221
0.00044271086695
0.000469306311443
0.000500046896106
0.000535857249301
0.000577037833569
0.000623312720814
0.000676330310873
0.000741764766938
0.00082439077941
0.000920074432967
0.00101809677905
0.001112968466974
0.001211308205463
0.001322848279879
0.001446062262893
0.001567345970655
0.001673533903856
0.001760792964024
0.001831688502692
0.001894024005717
0.001966394762997
0.002081498569615
0.00227341211733
0.002544774507526
0.002852450114663
0.003152738006518
0.003458038463799
0.003831630460211
0.004359699762976
0.005163045297219
0.00639932682693
0.008186132384515
0.010556678759204
0.013644941328617
0.01808158395593
0.025242324352113
0.036971667857698
0.054482118678042
0.076700015246788
0.099023700595645
0.113589586322501
0.112939554645751
0.09669450219775
0.072367904546646
0.048920734110754
0.031379901061781
0.020207455451194
0.013649031401684
0.009841100932714
0.0075418777175
0.006081546310274
0.005120829738492
0.004471083987471
0.004018107741505
0.003685655561481
0.003417716945563
0.003178718942399
0.002946304962716
0.002703534968937
0.002449348312739
0.002199747070954
0.001971873499941
0.001774605700763
0.001608703213919
0.001470672179969
0.001354469625311
0.001247610908678
0.001136693573237
0.001020937576054
0.000908790037005
0.000806272799958
0.000715798001525
0.000639225831902
0.000577078476047
0.000526555201047
0.000482205239782
0.00043897654714
0.000395265999334
0.000352888056136
0.000314847550639
0.000283590808504
0.000259737162064
0.000241599273867
0.000226204347477
0.000211169943278
0.000196073991319
0.000181702147881
0.000168469825806
0.000156212038512
0.000144598228028
0.000133263375749
0.000122126977167
0.000111550447502
0.000102025298731
9.37754679270864E-05
8.66117961657448E-05
8.01340016442518E-05
7.41322086433285E-05
6.88117543163463E-05
6.45866907090018E-05
6.17586586794793E-05
6.02823114834716E-05
5.97299664769932E-05
5.94669326834206E-05
5.89414673151066E-05
5.78896175529248E-05
5.63043777834704E-05
5.43973546890211E-05
5.25006427762506E-05
5.08437870827442E-05
4.94507530292818E-05
4.82051655938907E-05
4.69377597654877E-05
4.55377676413335E-05
4.40190923304322E-05
4.2417277968578E-05
4.07092261203751E-05
3.88889997600929E-05
3.70520165634306E-05
3.53506967380816E-05
3.38475584167176E-05
3.24876206332051E-05
3.11840361047338E-05
2.98771592577438E-05
2.85556317451699E-05
2.72562764117283E-05
2.60595561948099E-05
2.50489673097283E-05
2.42403067825273E-05
2.35681445203057E-05
2.29515511615617E-05
2.23540349819719E-05
2.18003098622836E-05
2.13744274701948E-05
2.11414749704158E-05
2.10825532617785E-05
2.11331636458076E-05
2.12325568753853E-05
2.13245775371627E-05
2.13502656156874E-05
2.12702264327741E-05
2.10926391562577E-05
2.08568529040322E-05
2.05935907275584E-05
2.02972708683507E-05
1.99356197730062E-05
1.94911988059902E-05
1.89726077523093E-05
1.8399379930572E-05
1.78016805914554E-05
1.71965279677039E-05
1.65929630212146E-05
1.6017304012529E-05
1.54930459993511E-05
1.50164123505478E-05
1.45823233873768E-05
1.42134724194728E-05
1.39443784057304E-05
1.37881252949834E-05
1.36964144057071E-05
1.35759477896033E-05
1.33618921934492E-05
1.30741822684454E-05
1.27930398817116E-05
1.25889084312876E-05
1.24840083119635E-05
1.24596527335176E-05
1.24640533226299E-05
1.24321338603955E-05
1.23367298526041E-05
1.21951252043369E-05
1.20365839474356E-05
1.18807113389918E-05
1.17235931597323E-05
1.15407718705127E-05
1.1313956476089E-05
1.10527995699004E-05
1.07846940355943E-05
1.05314431623052E-05
1.02992033744174E-05
1.00773518356645E-05
9.83964213930774E-06
9.56827585472732E-06
9.28359296979472E-06
9.03495499325053E-06
8.85712391585591E-06
8.74258285417481E-06
8.66180987681878E-06
8.59643259742136E-06
8.53946441173683E-06
8.47763490322791E-06
8.38711487585447E-06
8.246512157611E-06
8.0496424780634E-06
7.80883875216243E-06
7.55110303430596E-06
7.3031894146914E-06
7.08833076578659E-06
6.91798774130758E-06
6.79571438823518E-06
6.6968944441091E-06

