0
7.12E-06
7.22E-06
7.31E-06
7.41E-06
7.54E-06
7.71E-06
7.90E-06
8.07E-06
8.24E-06
8.40E-06
8.58E-06
8.79E-06
9.04E-06
9.31E-06
9.62E-06
9.94E-06
1.03E-05
1.06E-05
1.09E-05
1.11E-05
1.14E-05
1.16E-05
1.18E-05
1.20E-05
1.21E-05
1.23E-05
1.25E-05
1.26E-05
1.28E-05
1.29E-05
1.29E-05
1.29E-05
1.28E-05
1.28E-05
1.29E-05
1.31E-05
1.35E-05
1.38E-05
1.43E-05
1.48E-05
1.53E-05
1.57E-05
1.61E-05
1.65E-05
1.68E-05
1.72E-05
1.76E-05
1.82E-05
1.89E-05
1.96E-05
2.03E-05
2.09E-05
2.14E-05
2.18E-05
2.22E-05
2.24E-05
2.26E-05
2.27E-05
2.29E-05
2.30E-05
2.31E-05
2.32E-05
2.33E-05
2.35E-05
2.37E-05
2.40E-05
2.44E-05
2.49E-05
2.55E-05
2.60E-05
2.66E-05
2.70E-05
2.75E-05
2.81E-05
2.90E-05
3.01E-05
3.14E-05
3.29E-05
3.47E-05
3.66E-05
3.86E-05
4.07E-05
4.30E-05
4.53E-05
4.77E-05
5.00E-05
5.23E-05
5.45E-05
5.67E-05
5.92E-05
6.23E-05
6.57E-05
6.92E-05
7.26E-05
7.59E-05
7.95E-05
8.39E-05
8.96E-05
9.68E-05
0.000105668473986
0.000115924894224
0.000127650259959
0.000141120081969
0.000156470241261
0.000173621612152
0.000192555754373
0.000212977343126
0.000233896899731
0.000254014049554
0.000272411247779
0.000288729606766
0.000303355717846
0.000317472276659
0.000332332452598
0.000347992564002
0.000363139125718
0.000376903096841
0.000390884950484
0.000408981489552
0.000435321764727
0.000472172270279
0.000518501114618
0.000571380021671
0.00063001804255
0.000696716883728
0.000772896514703
0.000855601157739
0.00093974614573
0.001024140092218
0.001114795603717
0.001219121209689
0.001334956419681
0.00144799133544
0.001541582933351
0.001609931538784
0.00166107476664
0.001711532774469
0.001780386977602
0.001887577531788
0.002047904439417
0.002251478173388
0.002463252281711
0.002665231906043
0.002899682173324
0.003253306714337
0.003787727895671
0.004491263193711
0.005309997206789
0.006238440212146
0.0073977264279
0.009044332358707
0.011554488765238
0.015406431248037
0.021058172906482
0.028864333477144
0.039410130322433
0.053748536355295
0.072061183257588
0.091057501820317
0.103474615195425
0.102603455402202
0.088779682128605
0.068933418998037
0.050128906933642
0.03560841128716
0.025374910733365
0.018327288477448
0.013482423827072
0.010191133179026
0.007994100192484
0.006497398885283
0.005414997945668
0.004603274791532
0.003991781204677
0.003520687002355
0.003138288742197
0.002811561635034
0.002526057648831
0.002284086258261
0.002089823551821
0.001933538692531
0.001799486209425
0.001678763547636
0.001565430447524
0.00144911326003
0.001321930010583
0.001183961624527
0.001041783620284
0.000909585886173
0.000802179703316
0.000722480999255
0.000660502038737
0.000603911324735
0.000546289588308
0.000486956896527
0.000428697996826
0.000376268822304
0.000333506678984
0.000301002343892
0.000276420073886
0.00025640060526
0.000238468325285
0.000221628044524
0.000205872730505
0.000191192565101
0.000177226360937
0.000163799991402
0.000150983442834
0.000138800103814
0.000127222580267
0.000116341106795
0.000106333410729
9.73E-05
8.94E-05
8.26E-05
7.69E-05
7.22E-05
6.82E-05
6.49E-05
6.24E-05
6.08E-05
5.98E-05
5.90E-05
5.81E-05
5.67E-05
5.50E-05
5.34E-05
5.18E-05
5.04E-05
4.91E-05
4.78E-05
4.65E-05
4.50E-05
4.33E-05
4.16E-05
3.98E-05
3.82E-05
3.69E-05
3.57E-05
3.45E-05
3.30E-05
3.14E-05
2.99E-05
2.84E-05
2.72E-05
2.63E-05
2.54E-05
2.46E-05
2.38E-05
2.30E-05
2.22E-05
2.16E-05
2.11E-05
2.08E-05
2.07E-05
2.07E-05
2.09E-05
2.11E-05
2.12E-05
2.13E-05
2.13E-05
2.11E-05
2.09E-05
2.06E-05
2.01E-05
1.96E-05
1.91E-05
1.86E-05
1.80E-05
1.75E-05
1.69E-05
1.64E-05
1.59E-05
1.53E-05
1.48E-05
1.43E-05
1.40E-05
1.38E-05
1.36E-05
1.35E-05
1.34E-05
1.32E-05
1.30E-05
1.28E-05
1.27E-05
1.25E-05
1.24E-05
1.23E-05
1.22E-05
1.21E-05
1.19E-05
1.17E-05
1.15E-05
1.13E-05
1.11E-05
1.09E-05
1.07E-05
1.04E-05
1.02E-05
9.92E-06
9.64E-06
9.38E-06
9.16E-06
8.99E-06
8.85E-06
8.71E-06
8.56E-06
8.43E-06
8.32E-06
8.25E-06
8.18E-06
8.09E-06
7.95E-06
7.77E-06
7.60E-06
7.44E-06
7.29E-06
7.16E-06
7.05E-06
6.93E-06

