0
7.23E-06
7.26E-06
7.32E-06
7.45E-06
7.64E-06
7.86E-06
8.08E-06
8.29E-06
8.49E-06
8.68E-06
8.87E-06
9.07E-06
9.31E-06
9.59E-06
9.89E-06
1.02E-05
1.06E-05
1.09E-05
1.12E-05
1.15E-05
1.17E-05
1.19E-05
1.21E-05
1.22E-05
1.24E-05
1.25E-05
1.26E-05
1.27E-05
1.28E-05
1.28E-05
1.28E-05
1.27E-05
1.27E-05
1.28E-05
1.30E-05
1.33E-05
1.37E-05
1.41E-05
1.45E-05
1.49E-05
1.54E-05
1.58E-05
1.62E-05
1.66E-05
1.70E-05
1.74E-05
1.79E-05
1.85E-05
1.91E-05
1.98E-05
2.05E-05
2.11E-05
2.15E-05
2.19E-05
2.22E-05
2.24E-05
2.25E-05
2.27E-05
2.28E-05
2.29E-05
2.30E-05
2.30E-05
2.31E-05
2.33E-05
2.36E-05
2.39E-05
2.43E-05
2.48E-05
2.54E-05
2.59E-05
2.64E-05
2.70E-05
2.76E-05
2.84E-05
2.93E-05
3.05E-05
3.18E-05
3.33E-05
3.52E-05
3.72E-05
3.94E-05
4.16E-05
4.38E-05
4.60E-05
4.82E-05
5.03E-05
5.25E-05
5.45E-05
5.67E-05
5.94E-05
6.25E-05
6.60E-05
6.94E-05
7.26E-05
7.57E-05
7.92E-05
8.36E-05
8.94E-05
9.69E-05
0.000105932443209
0.00011625974837
0.000127931635357
0.000141174829883
0.000156155530654
0.000172978923112
0.000191773043995
0.000212201170476
0.000233130006204
0.000253192968925
0.000271402436866
0.00028732923596
0.000301401336594
0.00031493271057
0.000329317434617
0.000344665399009
0.000359622733734
0.000373337506238
0.000387500817254
0.000406033764979
0.000433093039411
0.000471030977816
0.000518772008406
0.000573115948359
0.000632949795016
0.000700369360553
0.00077667603598
0.000858980001432
0.000942503077332
0.001026319363769
0.001116552715995
0.001220841095081
0.001337192366347
0.001451199292855
0.001545831361958
0.001614583762972
0.00166489501014
0.001713569234555
0.001780664982343
0.001886887432617
0.002047136096662
0.002250323019586
0.002459541110884
0.002657150479283
0.002887970550552
0.003240025276991
0.003773895394403
0.00447626408489
0.005292853756034
0.006219131707104
0.007376657016628
0.009019521677501
0.011517826386849
0.015341982419423
0.020949461862579
0.028710357602572
0.039241952696907
0.053641694894609
0.072120824517727
0.091348489042153
0.103939246799568
0.103057052702619
0.089049181413229
0.068985514807527
0.050040652694575
0.035467897771209
0.025230769675189
0.018195544375171
0.013366058775157
0.010092602442419
0.007917373516161
0.006444174765385
0.005382683793375
0.004587704368846
0.003988996424848
0.003525942074021
0.003147021730872
0.002821475820337
0.002536414660536
0.002293776215056
0.002096819744076
0.001935629185775
0.001796169062065
0.001672156179857
0.001558865802323
0.001444933542586
0.001320608796873
0.00118519914697
0.001045053043393
0.000913465253315
0.0008047940449
0.000722892705559
0.000659422087676
0.000603089633565
0.000546901273792
0.000488832342653
0.000430891127263
0.000377905698126
0.000334258389181
0.000301053093092
0.000276249340675
0.000256503919745
0.000239176130831
0.00022305348163
0.000207867607582
0.000193510445486
0.000179691919118
0.000166296077524
0.000153447865702
0.000141162565863
0.000129340068196
0.000118048230616
0.000107587034187
9.82E-05
9.01E-05
8.33E-05
7.74E-05
7.24E-05
6.79E-05
6.41E-05
6.13E-05
5.96E-05
5.88E-05
5.84E-05
5.79E-05
5.69E-05
5.55E-05
5.38E-05
5.21E-05
5.05E-05
4.91E-05
4.79E-05
4.68E-05
4.54E-05
4.39E-05
4.22E-05
4.03E-05
3.86E-05
3.70E-05
3.57E-05
3.44E-05
3.31E-05
3.15E-05
2.99E-05
2.85E-05
2.73E-05
2.63E-05
2.55E-05
2.47E-05
2.39E-05
2.30E-05
2.23E-05
2.16E-05
2.12E-05
2.09E-05
2.07E-05
2.06E-05
2.06E-05
2.07E-05
2.09E-05
2.10E-05
2.11E-05
2.11E-05
2.11E-05
2.09E-05
2.05E-05
2.00E-05
1.94E-05
1.89E-05
1.84E-05
1.78E-05
1.73E-05
1.66E-05
1.60E-05
1.53E-05
1.47E-05
1.42E-05
1.38E-05
1.36E-05
1.34E-05
1.33E-05
1.31E-05
1.30E-05
1.28E-05
1.27E-05
1.25E-05
1.24E-05
1.23E-05
1.22E-05
1.21E-05
1.20E-05
1.19E-05
1.18E-05
1.17E-05
1.15E-05
1.13E-05
1.10E-05
1.07E-05
1.05E-05
1.02E-05
1.00E-05
9.78E-06
9.56E-06
9.32E-06
9.08E-06
8.85E-06
8.65E-06
8.49E-06
8.40E-06
8.34E-06
8.28E-06
8.20E-06
8.08E-06
7.92E-06
7.74E-06
7.57E-06
7.42E-06
7.32E-06
7.25E-06
7.20E-06
7.13E-06

