0
7.25E-06
7.36E-06
7.44E-06
7.55E-06
7.68E-06
7.83E-06
7.99E-06
8.15E-06
8.33E-06
8.53E-06
8.75E-06
8.98E-06
9.24E-06
9.54E-06
9.87E-06
1.02E-05
1.05E-05
1.09E-05
1.11E-05
1.14E-05
1.17E-05
1.19E-05
1.21E-05
1.23E-05
1.24E-05
1.25E-05
1.26E-05
1.26E-05
1.27E-05
1.27E-05
1.26E-05
1.26E-05
1.25E-05
1.26E-05
1.29E-05
1.32E-05
1.36E-05
1.40E-05
1.44E-05
1.47E-05
1.51E-05
1.55E-05
1.59E-05
1.63E-05
1.68E-05
1.73E-05
1.78E-05
1.85E-05
1.91E-05
1.97E-05
2.03E-05
2.08E-05
2.12E-05
2.16E-05
2.19E-05
2.23E-05
2.25E-05
2.26E-05
2.27E-05
2.27E-05
2.28E-05
2.29E-05
2.30E-05
2.32E-05
2.35E-05
2.39E-05
2.43E-05
2.47E-05
2.51E-05
2.55E-05
2.58E-05
2.62E-05
2.68E-05
2.76E-05
2.86E-05
3.00E-05
3.16E-05
3.36E-05
3.57E-05
3.78E-05
3.99E-05
4.20E-05
4.40E-05
4.61E-05
4.83E-05
5.06E-05
5.29E-05
5.50E-05
5.72E-05
5.96E-05
6.23E-05
6.52E-05
6.82E-05
7.13E-05
7.45E-05
7.82E-05
8.29E-05
8.90E-05
9.67E-05
0.000105818182994
0.000116161925004
0.0001278948359
0.000141245348674
0.000156255628096
0.000173015492173
0.000191721734562
0.000212083209186
0.000232938133236
0.000252848274691
0.000270752574118
0.000286288331405
0.00030002548544
0.000313321718917
0.00032759118453
0.000342978348621
0.000358090892065
0.000372049638697
0.000386530874332
0.000405323359962
0.00043244925994
0.000470186798486
0.000517314884029
0.000570427587245
0.00062838704884
0.000693651432382
0.000768113656923
0.000849415331946
0.000932931163134
0.001017365426544
0.001108523045769
0.001214186511292
0.001332369564391
0.001448396819964
0.001544808624838
0.001614491227291
0.001664619847706
0.001712508781081
0.001778893364275
0.001884906843642
0.002045517048908
0.002248938154548
0.002457671590956
0.002655081825568
0.002887266996739
0.003240989421871
0.003773031061714
0.004467055863473
0.005270426545126
0.006184950434672
0.00733742126598
0.00898074510791
0.011477445397947
0.015288021080224
0.020867835868443
0.028603201085563
0.039146578757046
0.053637699620583
0.072302582971843
0.091750007496821
0.104466901057539
0.103515063526613
0.089288160248
0.069000489788574
0.049919768623491
0.035296696452503
0.025054005578788
0.01803031317236
0.013220195789128
0.009973183063053
0.007828931484441
0.006384647522175
0.005344137058382
0.004561697442677
0.003969892107735
0.003510632410618
0.003134988714844
0.002814366758003
0.002535176223159
0.002296754693124
0.002100866815778
0.001937832638443
0.001795329075778
0.001669249173467
0.001555768396348
0.0014425788563
0.001318439580003
0.001182649322835
0.001042477449324
0.000911068763957
0.0008020954327
0.000719449129196
0.000655460416629
0.000599546266606
0.000544680995773
0.000488118536868
0.00043124567049
0.000378691255899
0.000334986113571
0.000301539757157
0.000276569731695
0.000256751859384
0.000239285088075
0.000222822347637
0.00020712746395
0.00019236226978
0.000178520814331
0.000165437517352
0.000152982776818
0.000141048123902
0.00012955393856
0.0001185254164
0.000108126495437
9.86E-05
9.02E-05
8.31E-05
7.74E-05
7.26E-05
6.86E-05
6.50E-05
6.22E-05
6.01E-05
5.88E-05
5.81E-05
5.75E-05
5.67E-05
5.55E-05
5.41E-05
5.26E-05
5.11E-05
4.96E-05
4.82E-05
4.68E-05
4.54E-05
4.40E-05
4.25E-05
4.09E-05
3.94E-05
3.78E-05
3.64E-05
3.50E-05
3.34E-05
3.17E-05
2.99E-05
2.84E-05
2.72E-05
2.63E-05
2.55E-05
2.48E-05
2.40E-05
2.33E-05
2.25E-05
2.18E-05
2.12E-05
2.08E-05
2.06E-05
2.06E-05
2.06E-05
2.08E-05
2.09E-05
2.11E-05
2.12E-05
2.12E-05
2.11E-05
2.08E-05
2.04E-05
1.99E-05
1.93E-05
1.88E-05
1.83E-05
1.79E-05
1.74E-05
1.69E-05
1.62E-05
1.56E-05
1.49E-05
1.44E-05
1.40E-05
1.37E-05
1.35E-05
1.32E-05
1.30E-05
1.29E-05
1.27E-05
1.26E-05
1.25E-05
1.24E-05
1.23E-05
1.22E-05
1.21E-05
1.20E-05
1.19E-05
1.18E-05
1.18E-05
1.17E-05
1.16E-05
1.14E-05
1.12E-05
1.09E-05
1.06E-05
1.03E-05
1.01E-05
9.82E-06
9.60E-06
9.40E-06
9.19E-06
8.99E-06
8.79E-06
8.59E-06
8.40E-06
8.22E-06
8.06E-06
7.91E-06
7.77E-06
7.64E-06
7.48E-06
7.32E-06
7.15E-06
7.01E-06
6.90E-06
6.84E-06

