0
7.19E-06
7.26E-06
7.34E-06
7.45E-06
7.58E-06
7.74E-06
7.91E-06
8.11E-06
8.33E-06
8.58E-06
8.85E-06
9.12E-06
9.40E-06
9.70E-06
1.00E-05
1.04E-05
1.08E-05
1.12E-05
1.16E-05
1.18E-05
1.20E-05
1.21E-05
1.22E-05
1.23E-05
1.24E-05
1.25E-05
1.26E-05
1.26E-05
1.26E-05
1.25E-05
1.24E-05
1.24E-05
1.25E-05
1.26E-05
1.29E-05
1.31E-05
1.35E-05
1.38E-05
1.42E-05
1.46E-05
1.51E-05
1.55E-05
1.59E-05
1.63E-05
1.68E-05
1.73E-05
1.79E-05
1.86E-05
1.93E-05
2.00E-05
2.06E-05
2.11E-05
2.15E-05
2.19E-05
2.22E-05
2.24E-05
2.25E-05
2.25E-05
2.25E-05
2.25E-05
2.26E-05
2.27E-05
2.28E-05
2.30E-05
2.31E-05
2.33E-05
2.36E-05
2.41E-05
2.46E-05
2.52E-05
2.58E-05
2.64E-05
2.72E-05
2.81E-05
2.91E-05
3.04E-05
3.20E-05
3.38E-05
3.58E-05
3.80E-05
4.01E-05
4.23E-05
4.45E-05
4.68E-05
4.91E-05
5.12E-05
5.33E-05
5.53E-05
5.74E-05
6.00E-05
6.29E-05
6.59E-05
6.89E-05
7.17E-05
7.46E-05
7.81E-05
8.28E-05
8.91E-05
9.71E-05
0.000106417854962
0.000116826298849
0.000128512419059
0.000141727976356
0.000156577026006
0.000173262738473
0.000192022644581
0.000212482002261
0.000233428292406
0.000253411036291
0.000271312870833
0.00028664678758
0.000299938807187
0.000312607174934
0.000326169383383
0.000340882504125
0.000355559823635
0.00036956252483
0.000384546138401
0.00040401888984
0.000431726869792
0.00046977566551
0.000516792739823
0.000569445300533
0.000626845116023
0.000691693123497
0.000766041345476
0.000847610407506
0.000931651561673
0.001016555743761
0.001107867820083
0.001213190021105
0.001330331276353
0.001444563435097
0.001538581655283
0.001605651049294
0.001653794578184
0.001701176889815
0.001768593872747
0.001877051626125
0.00204128862231
0.002248107185485
0.002457974189893
0.002654043121176
0.002883927263228
0.003234860652932
0.003761874588569
0.004446810130054
0.005238365233279
0.006143307254305
0.007292120051327
0.00893513441108
0.011427069229806
0.0152206769293
0.020773026856911
0.028491990118511
0.039070360656919
0.053686874146651
0.072564945132583
0.092228684440238
0.105026045605378
0.103937343367167
0.089443047863671
0.068920325672015
0.049721774670721
0.035078185279001
0.02485835621413
0.017867458433501
0.013089394008937
0.009872594052271
0.007755117939607
0.006332086705435
0.005307385466505
0.004536833855765
0.003953656074454
0.00349948995577
0.003126481014013
0.002808440113176
0.00253294758523
0.002298419135503
0.002104751611965
0.00194096856435
0.001795948176001
0.00166850068847
0.001556152061959
0.001444819060578
0.001320677264358
0.00118322984161
0.001041865559697
0.000910388314456
0.000801644970313
0.000719128532144
0.000655723804022
0.000601425400932
0.000548899133861
0.000494305159669
0.000438257442757
0.0003854447099
0.000340824968448
0.000306193344124
0.000279997496759
0.000259178968988
0.000241205266734
0.000224698590955
0.000209098319156
0.000194280453092
0.000180191863936
0.000166769423254
0.000154009628947
0.000141923327789
0.00013045838024
0.000119519405979
0.000109195473491
9.97E-05
9.13E-05
8.42E-05
7.82E-05
7.31E-05
6.88E-05
6.50E-05
6.19E-05
5.97E-05
5.82E-05
5.74E-05
5.67E-05
5.58E-05
5.46E-05
5.31E-05
5.15E-05
5.01E-05
4.88E-05
4.77E-05
4.66E-05
4.53E-05
4.39E-05
4.24E-05
4.08E-05
3.92E-05
3.76E-05
3.62E-05
3.48E-05
3.34E-05
3.19E-05
3.04E-05
2.89E-05
2.77E-05
2.66E-05
2.57E-05
2.49E-05
2.42E-05
2.35E-05
2.28E-05
2.21E-05
2.15E-05
2.09E-05
2.06E-05
2.03E-05
2.03E-05
2.04E-05
2.05E-05
2.07E-05
2.08E-05
2.09E-05
2.09E-05
2.08E-05
2.05E-05
2.01E-05
1.96E-05
1.92E-05
1.87E-05
1.83E-05
1.79E-05
1.74E-05
1.68E-05
1.61E-05
1.55E-05
1.49E-05
1.44E-05
1.40E-05
1.37E-05
1.34E-05
1.31E-05
1.29E-05
1.27E-05
1.25E-05
1.24E-05
1.23E-05
1.22E-05
1.21E-05
1.20E-05
1.20E-05
1.19E-05
1.18E-05
1.18E-05
1.17E-05
1.16E-05
1.15E-05
1.13E-05
1.11E-05
1.09E-05
1.07E-05
1.06E-05
1.04E-05
1.02E-05
9.98E-06
9.72E-06
9.44E-06
9.13E-06
8.83E-06
8.56E-06
8.30E-06
8.06E-06
7.84E-06
7.67E-06
7.54E-06
7.44E-06
7.35E-06
7.26E-06
7.17E-06
7.10E-06
7.01E-06

