0
7.10E-06
7.20E-06
7.30E-06
7.44E-06
7.60E-06
7.77E-06
7.95E-06
8.16E-06
8.40E-06
8.67E-06
8.97E-06
9.30E-06
9.64E-06
9.99E-06
1.03E-05
1.06E-05
1.09E-05
1.12E-05
1.15E-05
1.17E-05
1.19E-05
1.20E-05
1.21E-05
1.22E-05
1.22E-05
1.23E-05
1.24E-05
1.24E-05
1.24E-05
1.23E-05
1.22E-05
1.22E-05
1.22E-05
1.24E-05
1.26E-05
1.29E-05
1.34E-05
1.39E-05
1.44E-05
1.49E-05
1.53E-05
1.58E-05
1.62E-05
1.66E-05
1.70E-05
1.76E-05
1.82E-05
1.90E-05
1.98E-05
2.05E-05
2.11E-05
2.15E-05
2.19E-05
2.21E-05
2.23E-05
2.23E-05
2.24E-05
2.24E-05
2.24E-05
2.24E-05
2.24E-05
2.25E-05
2.26E-05
2.27E-05
2.29E-05
2.31E-05
2.35E-05
2.40E-05
2.45E-05
2.51E-05
2.57E-05
2.64E-05
2.73E-05
2.83E-05
2.95E-05
3.08E-05
3.23E-05
3.41E-05
3.59E-05
3.78E-05
3.97E-05
4.17E-05
4.38E-05
4.60E-05
4.84E-05
5.06E-05
5.26E-05
5.45E-05
5.65E-05
5.89E-05
6.18E-05
6.50E-05
6.81E-05
7.10E-05
7.41E-05
7.78E-05
8.26E-05
8.91E-05
9.71E-05
0.000106295521197
0.000116517813703
0.000127915599164
0.00014080801113
0.000155458530567
0.000172221018944
0.000191269062849
0.000211955795517
0.000232796008657
0.000252215671046
0.000269189576839
0.000283551174872
0.000296239762676
0.000308914936082
0.00032295941202
0.000338349890035
0.000353770387519
0.000368606858618
0.000384425055953
0.000404541949077
0.00043257098443
0.000470449173617
0.000516749631303
0.000568581477604
0.000625659983633
0.000690745200065
0.000765523485272
0.00084746699174
0.000931641506556
0.001016317594723
0.001107189825728
0.00121222232481
0.001329564789342
0.00144470456909
0.001539925701665
0.001607499038393
0.001654836725038
0.001700194150861
0.001764918667159
0.001871052302043
0.002033642048206
0.002238587186666
0.002446176688615
0.002641331610837
0.002872952474718
0.003226713421631
0.00375378743723
0.00443339362221
0.005216585553209
0.006115756109218
0.007264201691434
0.008908669965691
0.011394841921746
0.01516508025775
0.020676405071651
0.028359307133938
0.03894647900442
0.053652390332984
0.072703262513536
0.09256550771616
0.105482605699151
0.104350750232815
0.08967948895228
0.068961091318368
0.049633813414892
0.034936286396474
0.024707176394717
0.017726833774197
0.012968354214533
0.009777008970012
0.007687034676643
0.00628854902364
0.005282349604763
0.00452464782441
0.00395040138712
0.003502020886011
0.003132197835124
0.002815955077527
0.002541323928458
0.002305959808586
0.002109624320612
0.001941990707311
0.001792868651335
0.001662499703991
0.001549614208988
0.001439645363418
0.001316746216317
0.001179556920308
0.001038199343659
0.000906646109646
0.000797347995076
0.000714045886299
0.000650353361805
0.000596681209406
0.000545692306572
0.000492975513936
0.000438311276274
0.000386011999555
0.000341178710199
0.000305969957577
0.000279215649004
0.000258166877307
0.000240397812613
0.000224349004974
0.000209227582121
0.000194841753632
0.00018106606509
0.000167662310735
0.000154534125108
0.000141856466011
0.000129903344088
0.000118811076257
0.000108688832971
9.96E-05
9.16E-05
8.47E-05
7.86E-05
7.34E-05
6.90E-05
6.51E-05
6.20E-05
5.96E-05
5.80E-05
5.69E-05
5.61E-05
5.52E-05
5.40E-05
5.27E-05
5.14E-05
5.01E-05
4.88E-05
4.76E-05
4.65E-05
4.53E-05
4.41E-05
4.27E-05
4.12E-05
3.97E-05
3.81E-05
3.67E-05
3.53E-05
3.39E-05
3.24E-05
3.08E-05
2.92E-05
2.77E-05
2.65E-05
2.55E-05
2.47E-05
2.40E-05
2.33E-05
2.27E-05
2.20E-05
2.15E-05
2.10E-05
2.07E-05
2.05E-05
2.05E-05
2.05E-05
2.07E-05
2.08E-05
2.08E-05
2.09E-05
2.09E-05
2.08E-05
2.07E-05
2.04E-05
2.01E-05
1.97E-05
1.92E-05
1.86E-05
1.81E-05
1.75E-05
1.68E-05
1.61E-05
1.54E-05
1.48E-05
1.42E-05
1.37E-05
1.34E-05
1.30E-05
1.28E-05
1.26E-05
1.24E-05
1.23E-05
1.22E-05
1.21E-05
1.20E-05
1.19E-05
1.18E-05
1.18E-05
1.18E-05
1.18E-05
1.17E-05
1.17E-05
1.17E-05
1.16E-05
1.15E-05
1.14E-05
1.12E-05
1.10E-05
1.07E-05
1.04E-05
1.01E-05
9.90E-06
9.66E-06
9.40E-06
9.10E-06
8.78E-06
8.45E-06
8.14E-06
7.88E-06
7.70E-06
7.56E-06
7.46E-06
7.36E-06
7.26E-06
7.18E-06
7.11E-06
7.06E-06
7.00E-06

