0
7.07E-06
7.18E-06
7.30E-06
7.46E-06
7.65E-06
7.87E-06
8.09E-06
8.31E-06
8.53E-06
8.77E-06
9.04E-06
9.33E-06
9.63E-06
9.97E-06
1.03E-05
1.07E-05
1.11E-05
1.15E-05
1.18E-05
1.21E-05
1.22E-05
1.23E-05
1.23E-05
1.24E-05
1.24E-05
1.25E-05
1.26E-05
1.27E-05
1.26E-05
1.25E-05
1.24E-05
1.23E-05
1.23E-05
1.24E-05
1.27E-05
1.31E-05
1.35E-05
1.39E-05
1.44E-05
1.49E-05
1.53E-05
1.58E-05
1.63E-05
1.68E-05
1.74E-05
1.81E-05
1.88E-05
1.96E-05
2.04E-05
2.11E-05
2.17E-05
2.22E-05
2.25E-05
2.26E-05
2.27E-05
2.27E-05
2.26E-05
2.26E-05
2.26E-05
2.26E-05
2.27E-05
2.29E-05
2.31E-05
2.34E-05
2.36E-05
2.40E-05
2.44E-05
2.49E-05
2.55E-05
2.60E-05
2.66E-05
2.71E-05
2.79E-05
2.88E-05
3.00E-05
3.14E-05
3.31E-05
3.50E-05
3.72E-05
3.94E-05
4.15E-05
4.38E-05
4.60E-05
4.83E-05
5.06E-05
5.27E-05
5.46E-05
5.64E-05
5.85E-05
6.10E-05
6.39E-05
6.69E-05
6.98E-05
7.26E-05
7.56E-05
7.93E-05
8.42E-05
9.05E-05
9.85E-05
0.000107783854538
0.000118286485966
0.000130126247798
0.00014358118506
0.000158883843714
0.00017623200706
0.000195501080218
0.000215882622631
0.000236043449418
0.000254787372314
0.000271426640764
0.000285920031061
0.000299175511192
0.000312674235951
0.000327323049696
0.000342633927612
0.000357288476696
0.000371071563638
0.000386031337034
0.00040586356084
0.000434194334553
0.000472469385565
0.000518704119234
0.000570034186583
0.000626558251551
0.000691264660725
0.00076598340076
0.000848354605891
0.00093329164637
0.001018662703632
0.001109880877543
0.001214823842731
0.001331668181212
0.001446004915099
0.001540110465367
0.001606309131238
0.001652385681146
0.001696827278276
0.001760769042752
0.001866015242872
0.002027071547494
0.002229463939461
0.002434265736738
0.002627509716775
0.002857910170425
0.003209739065723
0.003732404863943
0.004404716529207
0.00518021467219
0.00607453489366
0.007220339929751
0.008858591848396
0.01132511960612
0.015051377938576
0.020495904564808
0.028115713653211
0.038682056484712
0.053437589332252
0.072623108451627
0.092695675888945
0.105838975390017
0.104833351935706
0.090109251655541
0.069219369452344
0.049721479629765
0.034919296884586
0.024646943852283
0.017655947589603
0.012898714793402
0.009713363073513
0.007633373358389
0.006247779857078
0.005253645357318
0.004503888967117
0.003933613184865
0.003487481113848
0.003120419553382
0.00280885349511
0.002540554728054
0.002310878484533
0.002117536681535
0.001949683509316
0.001798106064004
0.001665325060193
0.001552134778438
0.001443848169574
0.00132228319072
0.001184728279515
0.001042134465288
0.000909286694813
0.000798669550603
0.000714232301438
0.000649964078686
0.000596245507351
0.000545766354029
0.000494131752801
0.000440530557485
0.000388566596603
0.000343199599495
0.000306999885289
0.000279321835174
0.000257668648081
0.00023957306011
0.000223316950174
0.000208052453922
0.000193701454879
0.000180225898151
0.000167329287611
0.000154828441154
0.000142798805798
0.000131401618221
0.000120680003768
0.000110628819035
1.01E-04
9.28E-05
8.53E-05
7.90E-05
7.38E-05
6.93E-05
6.55E-05
6.22E-05
5.98E-05
5.81E-05
5.70E-05
5.62E-05
5.53E-05
5.42E-05
5.28E-05
5.13E-05
5.00E-05
4.88E-05
4.76E-05
4.65E-05
4.53E-05
4.39E-05
4.24E-05
4.08E-05
3.91E-05
3.76E-05
3.63E-05
3.52E-05
3.41E-05
3.29E-05
3.13E-05
2.96E-05
2.81E-05
2.68E-05
2.58E-05
2.49E-05
2.41E-05
2.32E-05
2.24E-05
2.16E-05
2.09E-05
2.04E-05
2.01E-05
1.99E-05
1.99E-05
2.00E-05
2.02E-05
2.04E-05
2.05E-05
2.06E-05
2.06E-05
2.05E-05
2.03E-05
2.01E-05
1.98E-05
1.95E-05
1.92E-05
1.88E-05
1.83E-05
1.78E-05
1.71E-05
1.64E-05
1.57E-05
1.50E-05
1.44E-05
1.39E-05
1.35E-05
1.33E-05
1.30E-05
1.27E-05
1.24E-05
1.21E-05
1.19E-05
1.17E-05
1.15E-05
1.15E-05
1.15E-05
1.15E-05
1.15E-05
1.15E-05
1.15E-05
1.15E-05
1.14E-05
1.13E-05
1.13E-05
1.13E-05
1.13E-05
1.13E-05
1.12E-05
1.11E-05
1.09E-05
1.06E-05
1.02E-05
9.86E-06
9.45E-06
9.02E-06
8.60E-06
8.22E-06
7.92E-06
7.68E-06
7.49E-06
7.32E-06
7.18E-06
7.08E-06
7.00E-06
6.94E-06
6.90E-06
6.87E-06

