0
7.11E-06
7.27E-06
7.41E-06
7.57E-06
7.73E-06
7.91E-06
8.09E-06
8.31E-06
8.56E-06
8.87E-06
9.23E-06
9.59E-06
9.94E-06
1.03E-05
1.06E-05
1.09E-05
1.12E-05
1.15E-05
1.18E-05
1.20E-05
1.22E-05
1.24E-05
1.25E-05
1.25E-05
1.25E-05
1.25E-05
1.25E-05
1.24E-05
1.23E-05
1.22E-05
1.22E-05
1.22E-05
1.22E-05
1.24E-05
1.26E-05
1.30E-05
1.34E-05
1.39E-05
1.45E-05
1.50E-05
1.55E-05
1.60E-05
1.65E-05
1.71E-05
1.77E-05
1.83E-05
1.90E-05
1.97E-05
2.04E-05
2.10E-05
2.15E-05
2.19E-05
2.22E-05
2.23E-05
2.24E-05
2.24E-05
2.24E-05
2.24E-05
2.24E-05
2.24E-05
2.24E-05
2.25E-05
2.26E-05
2.28E-05
2.31E-05
2.36E-05
2.42E-05
2.49E-05
2.56E-05
2.62E-05
2.67E-05
2.72E-05
2.79E-05
2.89E-05
3.00E-05
3.15E-05
3.31E-05
3.50E-05
3.70E-05
3.89E-05
4.09E-05
4.29E-05
4.50E-05
4.71E-05
4.93E-05
5.13E-05
5.32E-05
5.50E-05
5.71E-05
5.97E-05
6.26E-05
6.55E-05
6.85E-05
7.13E-05
7.44E-05
7.83E-05
8.34E-05
9.01E-05
9.83E-05
0.000107794817633
0.000118364461685
0.000130278516107
0.000143852914067
0.000159280732505
0.000176646539442
0.000195720674528
0.00021570198612
0.000235385676476
0.000253708925359
0.000270004273394
0.000284245927755
0.000297375654606
0.000310706366267
0.000324808417566
0.000339043514608
0.000352403305894
0.000365308429214
0.000380353230381
0.000401333847094
0.000431467450871
0.000471441901624
0.000518740794192
0.000570648335137
0.000627668547805
0.000692897026016
0.000768023995102
0.00085066130259
0.000935593693753
0.001020395844942
0.001110358265589
0.001213493612038
0.001328303323757
0.001440805915662
0.001533538950347
0.001598837550373
0.001644477928213
0.001688307820974
0.001750603069966
0.001853635332441
0.002013180318156
0.002215642468888
0.002422435949492
0.002619023843896
0.002852700038142
0.003206097844742
0.003726307660813
0.004390619277799
0.005154828223906
0.00604033291704
0.0071841053635
0.008825331276655
0.011291831945349
0.015005868024161
0.020429200437705
0.02804930397764
0.038685488595703
0.053604582733876
0.073004874318578
0.093230783019281
0.106355380690776
0.105148617859018
0.090158756050224
0.069066829362881
0.049480132531542
0.034675188953479
0.024437605983403
0.017486617265006
0.012763376692454
0.009607206530515
0.00755309371232
0.006190351079069
0.005216190203371
0.004482956567705
0.003924541750664
0.003484457355303
0.003118264386333
0.002805395873764
0.00253663188439
0.002307944164347
0.002115944463267
0.00194873771999
0.001796816094828
0.001663458277826
0.001550669713034
0.00144379545527
0.001323160768275
0.001185358729148
0.001042316367182
0.000909415985084
0.000798703889539
0.000714025272007
0.000649865723208
0.000596585622206
0.000546603878804
0.00049559590126
0.000442685361363
0.000391106100478
0.000345501399844
0.000308440949039
0.000279658809727
0.000257209854329
0.000239008447179
0.000223267326287
0.000208672984529
0.000194766769331
0.000181488311271
0.000168709775443
0.00015639698139
0.000144635929937
0.000133440956727
0.00012269741197
0.000112375997046
1.03E-04
9.37E-05
8.58E-05
7.92E-05
7.38E-05
6.93E-05
6.56E-05
6.25E-05
6.01E-05
5.84E-05
5.73E-05
5.65E-05
5.56E-05
5.45E-05
5.32E-05
5.18E-05
5.05E-05
4.94E-05
4.83E-05
4.72E-05
4.61E-05
4.47E-05
4.32E-05
4.16E-05
3.99E-05
3.83E-05
3.70E-05
3.59E-05
3.48E-05
3.35E-05
3.19E-05
3.01E-05
2.84E-05
2.69E-05
2.58E-05
2.48E-05
2.41E-05
2.33E-05
2.26E-05
2.19E-05
2.12E-05
2.05E-05
2.01E-05
1.99E-05
1.98E-05
1.99E-05
2.01E-05
2.04E-05
2.07E-05
2.09E-05
2.11E-05
2.11E-05
2.09E-05
2.06E-05
2.02E-05
1.98E-05
1.93E-05
1.89E-05
1.84E-05
1.78E-05
1.72E-05
1.64E-05
1.56E-05
1.48E-05
1.41E-05
1.36E-05
1.32E-05
1.29E-05
1.27E-05
1.25E-05
1.24E-05
1.22E-05
1.21E-05
1.20E-05
1.20E-05
1.19E-05
1.19E-05
1.18E-05
1.18E-05
1.18E-05
1.17E-05
1.17E-05
1.17E-05
1.16E-05
1.15E-05
1.14E-05
1.12E-05
1.11E-05
1.09E-05
1.07E-05
1.04E-05
1.01E-05
9.81E-06
9.51E-06
9.23E-06
8.96E-06
8.69E-06
8.41E-06
8.14E-06
7.87E-06
7.64E-06
7.46E-06
7.32E-06
7.22E-06
7.14E-06
7.08E-06
7.05E-06
7.00E-06

