0
6.97E-06
7.13E-06
7.29E-06
7.47E-06
7.67E-06
7.89E-06
8.12E-06
8.36E-06
8.61E-06
8.88E-06
9.15E-06
9.45E-06
9.79E-06
1.02E-05
1.06E-05
1.09E-05
1.13E-05
1.15E-05
1.17E-05
1.20E-05
1.22E-05
1.23E-05
1.25E-05
1.26E-05
1.26E-05
1.26E-05
1.25E-05
1.23E-05
1.22E-05
1.20E-05
1.19E-05
1.19E-05
1.21E-05
1.24E-05
1.28E-05
1.33E-05
1.38E-05
1.42E-05
1.47E-05
1.50E-05
1.54E-05
1.58E-05
1.64E-05
1.70E-05
1.77E-05
1.84E-05
1.91E-05
1.98E-05
2.05E-05
2.10E-05
2.15E-05
2.19E-05
2.21E-05
2.23E-05
2.25E-05
2.27E-05
2.28E-05
2.28E-05
2.28E-05
2.26E-05
2.24E-05
2.23E-05
2.23E-05
2.25E-05
2.29E-05
2.35E-05
2.41E-05
2.47E-05
2.53E-05
2.58E-05
2.62E-05
2.67E-05
2.74E-05
2.84E-05
2.98E-05
3.15E-05
3.34E-05
3.55E-05
3.75E-05
3.94E-05
4.12E-05
4.30E-05
4.49E-05
4.69E-05
4.90E-05
5.10E-05
5.30E-05
5.49E-05
5.71E-05
5.96E-05
6.24E-05
6.52E-05
6.79E-05
7.05E-05
7.34E-05
7.71E-05
8.24E-05
8.93E-05
9.77E-05
0.000107149506814
0.000117650768306
0.000129474356908
0.000142983451656
0.000158404118926
0.000175791819717
0.000194827895445
0.000214693132322
0.000234272340588
0.00025254335071
0.00026888753438
0.000283414935887
0.000297075314939
0.000310957661191
0.000325317472736
0.000339278490697
0.000351869618932
0.000363825550115
0.000378135641698
0.000398838764783
0.000429095238479
0.000469267005672
0.000516726122103
0.000569046438006
0.000626893109104
0.000692960659312
0.000768368028
0.00085050518605
0.000934351312197
0.001018139016181
0.001107718044603
0.001210903083399
0.001325682929463
0.001437819603543
0.001529749012009
0.001593768188948
0.001637931938653
0.00168068394422
0.001743057634286
0.001847488876946
0.002008673540521
0.002212017970943
0.002419493457579
0.002617544694949
0.002853245122693
0.003207651507567
0.003725244642925
0.004382182413577
0.005137261260941
0.00601651434499
0.007158539999462
0.00880027125638
0.01126259367191
0.01495641212654
0.020343217381801
0.027942376080503
0.038623745713308
0.053674431895907
0.073252459332813
0.093617526161314
0.106768778902395
0.105461497936819
0.090300180841787
0.069045239991446
0.049355350101114
0.034510590601815
0.024274282412345
0.017342582736957
0.012643414557034
0.009511927267269
0.007480586466539
0.006136851308294
0.005177065836903
0.004454067250066
0.003904038396693
0.003471849085632
0.003111910394612
0.002802627612015
0.002535661262648
0.002307961640058
0.002116509995601
0.001949387894642
0.001796473629336
0.001661201524809
0.001547149515915
0.001440795054536
0.001321739594806
0.001185350212996
0.001043304729198
0.000910741224614
0.000799229744639
0.000713029038232
0.000647789370029
0.000594524793771
0.000545543056412
0.000496185475228
0.000444933544875
0.000394285089267
0.000348701317268
0.000311112936783
0.000281728201644
0.000258844707572
0.000240267808683
0.000224069478926
0.000208982000006
0.00019470749932
0.000181318694104
0.000168667535152
0.000156589350361
0.000145072316323
0.000134067129644
0.000123382655573
0.000112917781634
1.03E-04
9.36E-05
8.55E-05
7.90E-05
7.38E-05
6.97E-05
6.61E-05
6.30E-05
6.04E-05
5.85E-05
5.72E-05
5.64E-05
5.57E-05
5.49E-05
5.39E-05
5.27E-05
5.15E-05
5.03E-05
4.91E-05
4.79E-05
4.66E-05
4.51E-05
4.35E-05
4.19E-05
4.03E-05
3.87E-05
3.72E-05
3.61E-05
3.50E-05
3.38E-05
3.23E-05
3.07E-05
2.91E-05
2.77E-05
2.65E-05
2.56E-05
2.48E-05
2.40E-05
2.33E-05
2.25E-05
2.17E-05
2.10E-05
2.05E-05
2.02E-05
2.01E-05
2.01E-05
2.02E-05
2.04E-05
2.07E-05
2.09E-05
2.11E-05
2.12E-05
2.11E-05
2.08E-05
2.04E-05
1.99E-05
1.95E-05
1.90E-05
1.86E-05
1.81E-05
1.75E-05
1.68E-05
1.60E-05
1.52E-05
1.45E-05
1.40E-05
1.36E-05
1.32E-05
1.29E-05
1.26E-05
1.23E-05
1.20E-05
1.18E-05
1.17E-05
1.17E-05
1.17E-05
1.18E-05
1.18E-05
1.18E-05
1.17E-05
1.17E-05
1.17E-05
1.18E-05
1.18E-05
1.18E-05
1.17E-05
1.15E-05
1.13E-05
1.10E-05
1.07E-05
1.03E-05
9.90E-06
9.55E-06
9.27E-06
9.06E-06
8.86E-06
8.64E-06
8.37E-06
8.09E-06
7.82E-06
7.59E-06
7.39E-06
7.23E-06
7.14E-06
7.09E-06
7.07E-06
7.05E-06
6.98E-06

