0
6.96E-06
7.03E-06
7.14E-06
7.31E-06
7.54E-06
7.80E-06
8.07E-06
8.32E-06
8.54E-06
8.76E-06
9.00E-06
9.28E-06
9.63E-06
1.01E-05
1.06E-05
1.11E-05
1.16E-05
1.20E-05
1.23E-05
1.25E-05
1.26E-05
1.26E-05
1.27E-05
1.27E-05
1.27E-05
1.26E-05
1.25E-05
1.24E-05
1.21E-05
1.19E-05
1.18E-05
1.18E-05
1.20E-05
1.24E-05
1.28E-05
1.32E-05
1.36E-05
1.41E-05
1.45E-05
1.49E-05
1.54E-05
1.59E-05
1.65E-05
1.72E-05
1.78E-05
1.85E-05
1.93E-05
2.00E-05
2.07E-05
2.13E-05
2.18E-05
2.22E-05
2.25E-05
2.27E-05
2.27E-05
2.27E-05
2.26E-05
2.26E-05
2.25E-05
2.25E-05
2.24E-05
2.23E-05
2.24E-05
2.25E-05
2.28E-05
2.31E-05
2.35E-05
2.40E-05
2.44E-05
2.49E-05
2.55E-05
2.62E-05
2.71E-05
2.83E-05
2.97E-05
3.15E-05
3.35E-05
3.57E-05
3.78E-05
3.98E-05
4.16E-05
4.34E-05
4.52E-05
4.71E-05
4.91E-05
5.09E-05
5.26E-05
5.44E-05
5.65E-05
5.90E-05
6.19E-05
6.47E-05
6.73E-05
6.99E-05
7.28E-05
7.67E-05
8.21E-05
8.93E-05
9.78E-05
0.000107360000276
0.000117990855437
0.000129912259455
0.000143339522484
0.000158533721902
0.000175758645017
0.000194814588304
0.000214812934501
0.000234528870051
0.000252901501418
0.000269328465625
0.000283929756276
0.00029763372347
0.000311552634972
0.000325965802326
0.000339887148107
0.000352322677594
0.000364159914373
0.000378474351803
0.00039928493365
0.000429705021641
0.000469928463773
0.000517114623136
0.000568905208559
0.00062625231911
0.000692029512889
0.00076735216339
0.000849505863145
0.000933355214121
0.001017184425398
0.001106970283383
0.001210578990057
0.001326036366643
0.001438994870374
0.001531689052594
0.001596043463791
0.001639510728564
0.001680176454032
0.001739630868131
0.00184145749035
0.002001090248068
0.002203823275232
0.002410968434365
0.002607990578826
0.002841377575193
0.00319208405922
0.003704003832209
0.004353188109478
0.005100594885433
0.00597550106528
0.007117327041677
0.008759649481834
0.011214714422251
0.014881454192918
0.020221702653728
0.02778758730338
0.038501471153214
0.053674782190664
0.073432271052205
0.093960027158272
0.107190800269058
0.105850957660528
0.090561671138674
0.069141313585897
0.049313922771969
0.034390785837174
0.02412953672348
0.017204931405119
0.01252629666234
0.009418228463258
0.007407812039985
0.006081755570035
0.005137161080118
0.004426563874809
0.003886055339114
0.003460550724587
0.003104086063589
0.002795909737252
0.002530101935982
0.002304707497839
0.002115875957791
0.001950688085521
0.001798221090478
0.001661700461429
0.001545915453089
0.001439145901954
0.001321255367288
0.00118633229397
0.001045407178426
0.000913453114762
0.000801474227466
0.000713814501686
0.000647153549982
0.000593335669867
0.000544759109104
0.000496508148453
0.000446334027428
0.000395901773149
0.000349695511928
0.000311293314842
0.000281389324144
0.000258405903774
0.000240034380746
0.000224209108521
0.000209521566308
0.00019559116413
0.000182565044447
0.000170350841384
0.00015861296782
0.000147120313439
0.000135816937464
0.000124696681552
0.000113855473853
0.000103561245704
9.42E-05
8.61E-05
7.94E-05
7.41E-05
6.96E-05
6.57E-05
6.23E-05
5.94E-05
5.72E-05
5.58E-05
5.49E-05
5.43E-05
5.37E-05
5.28E-05
5.18E-05
5.06E-05
4.94E-05
4.83E-05
4.72E-05
4.61E-05
4.49E-05
4.35E-05
4.20E-05
4.05E-05
3.89E-05
3.74E-05
3.60E-05
3.48E-05
3.35E-05
3.20E-05
3.03E-05
2.87E-05
2.73E-05
2.60E-05
2.51E-05
2.43E-05
2.36E-05
2.30E-05
2.23E-05
2.16E-05
2.09E-05
2.03E-05
1.99E-05
1.97E-05
1.97E-05
1.98E-05
2.00E-05
2.03E-05
2.05E-05
2.07E-05
2.09E-05
2.10E-05
2.09E-05
2.06E-05
2.01E-05
1.96E-05
1.91E-05
1.87E-05
1.82E-05
1.77E-05
1.71E-05
1.64E-05
1.56E-05
1.49E-05
1.42E-05
1.37E-05
1.32E-05
1.28E-05
1.24E-05
1.22E-05
1.20E-05
1.18E-05
1.17E-05
1.16E-05
1.15E-05
1.14E-05
1.15E-05
1.15E-05
1.15E-05
1.16E-05
1.18E-05
1.19E-05
1.20E-05
1.20E-05
1.20E-05
1.18E-05
1.16E-05
1.14E-05
1.11E-05
1.08E-05
1.05E-05
1.01E-05
9.83E-06
9.56E-06
9.26E-06
8.93E-06
8.59E-06
8.25E-06
7.96E-06
7.71E-06
7.50E-06
7.35E-06
7.24E-06
7.17E-06
7.12E-06
7.09E-06
7.06E-06

