0
7.02E-06
7.17E-06
7.30E-06
7.46E-06
7.64E-06
7.84E-06
8.06E-06
8.30E-06
8.56E-06
8.85E-06
9.18E-06
9.53E-06
9.91E-06
1.03E-05
1.07E-05
1.11E-05
1.14E-05
1.17E-05
1.19E-05
1.21E-05
1.23E-05
1.26E-05
1.29E-05
1.31E-05
1.31E-05
1.31E-05
1.29E-05
1.26E-05
1.23E-05
1.21E-05
1.20E-05
1.20E-05
1.21E-05
1.24E-05
1.27E-05
1.31E-05
1.36E-05
1.40E-05
1.45E-05
1.50E-05
1.55E-05
1.60E-05
1.66E-05
1.73E-05
1.80E-05
1.88E-05
1.96E-05
2.04E-05
2.10E-05
2.15E-05
2.19E-05
2.22E-05
2.24E-05
2.26E-05
2.27E-05
2.28E-05
2.28E-05
2.28E-05
2.28E-05
2.27E-05
2.26E-05
2.25E-05
2.24E-05
2.23E-05
2.25E-05
2.28E-05
2.32E-05
2.38E-05
2.44E-05
2.50E-05
2.56E-05
2.63E-05
2.73E-05
2.84E-05
2.99E-05
3.16E-05
3.36E-05
3.57E-05
3.78E-05
3.98E-05
4.17E-05
4.36E-05
4.56E-05
4.76E-05
4.96E-05
5.14E-05
5.31E-05
5.49E-05
5.71E-05
5.97E-05
6.25E-05
6.53E-05
6.78E-05
7.03E-05
7.32E-05
7.71E-05
8.25E-05
8.96E-05
9.79E-05
0.000107293382356
0.00011766801838
0.000129324914891
0.000142582700727
0.00015780787895
0.000175252569647
0.00019452235255
0.000214537041393
0.000234073336417
0.000252217000494
0.000268459011955
0.000282857585539
0.000296191813668
0.000309633850642
0.000323702793083
0.000337609804269
0.000350453468905
0.000363019426683
0.000378090434682
0.000399478933129
0.000430322496611
0.000470870563448
0.00051831162
0.000570345547634
0.000627979909331
0.000693952569772
0.000769069771038
0.000850349511307
0.000932736541323
0.001015097739998
0.001104095567798
0.001207614216506
0.001323014396454
0.001435290379473
0.001526891873887
0.001590376362433
0.001633195755983
0.001673047670709
0.001731643764917
0.001833176346179
0.001993533133531
0.002197999253979
0.002407330202499
0.002606001281303
0.002839847740544
0.003189272615784
0.003697238099836
0.004339966889848
0.005080565535675
0.005950792296398
0.007090331371002
0.00872962270041
0.011172321048308
0.014805103451339
0.020093402074825
0.027630238442115
0.038391297117798
0.053693054515609
0.073604120537865
0.094243100296925
0.107515657699736
0.106154315955819
0.090785946512279
0.069249048344948
0.049310705015978
0.034315267087304
0.02402461134354
0.017097823676423
0.012428725287184
0.009334675285683
0.007339120337828
0.006027151425748
0.005094824730057
0.004393800491824
0.003861279143812
0.003443415594221
0.003093354106273
0.002789404046147
0.002526795929569
0.002304398382586
0.002117826035521
0.001953366609128
0.001799279925558
0.001659169875899
0.001539997684707
0.001432169945109
0.001315772411314
0.001183465799123
0.001045213448604
0.000915382912359
0.000803995505091
0.000715005593837
0.000646211552338
0.000591176963162
0.000542926672509
0.000496062130714
0.000447550258614
0.000398320877429
0.000352561458305
0.000314044507098
0.000283720697777
0.000260225249291
0.000241388213298
0.000225194241536
0.000210179669947
0.000195867795268
0.000182477335244
0.000170090302378
0.000158368026621
0.000146935995672
0.000135694012888
0.000124704949402
0.000114088844253
0.000104026326269
9.47E-05
8.65E-05
7.95E-05
7.38E-05
6.93E-05
6.55E-05
6.21E-05
5.91E-05
5.69E-05
5.54E-05
5.46E-05
5.41E-05
5.37E-05
5.29E-05
5.19E-05
5.07E-05
4.96E-05
4.85E-05
4.75E-05
4.64E-05
4.52E-05
4.38E-05
4.22E-05
4.07E-05
3.91E-05
3.76E-05
3.63E-05
3.52E-05
3.40E-05
3.26E-05
3.10E-05
2.93E-05
2.77E-05
2.64E-05
2.53E-05
2.44E-05
2.38E-05
2.32E-05
2.25E-05
2.19E-05
2.12E-05
2.07E-05
2.04E-05
2.02E-05
2.01E-05
2.02E-05
2.04E-05
2.06E-05
2.08E-05
2.09E-05
2.10E-05
2.10E-05
2.10E-05
2.08E-05
2.04E-05
1.99E-05
1.94E-05
1.88E-05
1.83E-05
1.78E-05
1.72E-05
1.66E-05
1.59E-05
1.51E-05
1.44E-05
1.37E-05
1.32E-05
1.27E-05
1.23E-05
1.20E-05
1.18E-05
1.17E-05
1.16E-05
1.16E-05
1.16E-05
1.16E-05
1.15E-05
1.15E-05
1.15E-05
1.15E-05
1.16E-05
1.17E-05
1.18E-05
1.19E-05
1.18E-05
1.17E-05
1.15E-05
1.13E-05
1.10E-05
1.07E-05
1.04E-05
1.01E-05
9.86E-06
9.60E-06
9.30E-06
8.95E-06
8.57E-06
8.19E-06
7.85E-06
7.57E-06
7.35E-06
7.20E-06
7.09E-06
7.02E-06
6.97E-06
6.93E-06
6.88E-06

