0
6.77E-06
6.90E-06
7.05E-06
7.23E-06
7.42E-06
7.60E-06
7.77E-06
7.97E-06
8.23E-06
8.58E-06
8.99E-06
9.43E-06
9.89E-06
1.03E-05
1.08E-05
1.12E-05
1.16E-05
1.20E-05
1.23E-05
1.25E-05
1.27E-05
1.29E-05
1.29E-05
1.30E-05
1.29E-05
1.28E-05
1.27E-05
1.24E-05
1.22E-05
1.20E-05
1.18E-05
1.18E-05
1.19E-05
1.21E-05
1.24E-05
1.28E-05
1.32E-05
1.37E-05
1.43E-05
1.48E-05
1.53E-05
1.59E-05
1.65E-05
1.72E-05
1.79E-05
1.88E-05
1.97E-05
2.05E-05
2.12E-05
2.18E-05
2.23E-05
2.27E-05
2.29E-05
2.30E-05
2.30E-05
2.30E-05
2.29E-05
2.27E-05
2.26E-05
2.24E-05
2.22E-05
2.20E-05
2.18E-05
2.18E-05
2.20E-05
2.23E-05
2.27E-05
2.33E-05
2.39E-05
2.45E-05
2.53E-05
2.61E-05
2.72E-05
2.85E-05
3.00E-05
3.18E-05
3.38E-05
3.59E-05
3.79E-05
3.98E-05
4.17E-05
4.37E-05
4.57E-05
4.77E-05
4.96E-05
5.12E-05
5.28E-05
5.45E-05
5.67E-05
5.93E-05
6.20E-05
6.46E-05
6.71E-05
6.94E-05
7.22E-05
7.61E-05
8.18E-05
8.92E-05
9.79E-05
0.000107460169572
0.000117731910879
0.00012913624646
0.000142158288548
0.000157220769518
0.000174548535732
0.000193723292527
0.000213614660634
0.00023288488101
0.000250548034018
0.000266089250581
0.000279698968031
0.000292384790771
0.000305496689799
0.00031956412294
0.000333697131395
0.000346912502362
0.000360004060326
0.000375744775413
0.000397821303249
0.0004292577375
0.000470178911042
0.000517628523346
0.000569337550773
0.000626453874691
0.000691779498101
0.000766131474684
0.000846493113645
0.000927919896585
0.001009632547626
0.001098477484823
0.001201987592041
0.001317072067646
0.001428792204085
0.001520188463619
0.001583727158431
0.001626073518481
0.001664700351912
0.001721845609637
0.001822285595395
0.001982319696969
0.002187307600599
0.002397598524621
0.002597001923786
0.002830915047242
0.003179037328828
0.0036836207072
0.004321480028548
0.005057660764729
0.005925358246491
0.007063869257965
0.008701823402205
0.011137082166539
0.014746446195001
0.02000079126291
0.027538063977845
0.038392682008763
0.053880312289849
0.073981731529662
0.094702219241973
0.10790604067301
0.106384680651465
0.090850799813014
0.069183670184444
0.049164956437307
0.03414043123322
0.023860184012668
0.016961411864775
0.01232108859312
0.009251822365022
0.007276679543936
0.005981555348058
0.005063164542546
0.004372967759688
0.003848531644795
0.00343623769319
0.003088747167975
0.002785232684883
0.00252378896103
0.002304580688278
0.002121497799697
0.001958505220312
0.001802581316327
0.001657896331881
0.001533867175462
0.001423495755353
0.00130764163035
0.001177606480561
0.001042201587428
0.000915347159787
0.00080595782098
0.000717047486261
0.00064688910365
0.000590478855643
0.000541751221626
0.00049523061076
0.000447347933357
0.000398595244324
0.000353110606917
0.000314783622382
0.000284587401126
0.000261172895628
0.000242510231096
0.000226639495978
0.00021195092177
0.000197791086936
0.000184332692426
0.000171723607689
0.000159700268642
0.000147937108852
0.000136457600555
0.000125494578168
0.000115159405775
0.000105432341927
9.63E-05
8.80E-05
8.07E-05
7.45E-05
6.95E-05
6.52E-05
6.14E-05
5.83E-05
5.61E-05
5.47E-05
5.38E-05
5.31E-05
5.24E-05
5.15E-05
5.04E-05
4.92E-05
4.82E-05
4.72E-05
4.63E-05
4.54E-05
4.44E-05
4.33E-05
4.20E-05
4.07E-05
3.93E-05
3.79E-05
3.66E-05
3.54E-05
3.42E-05
3.29E-05
3.13E-05
2.94E-05
2.76E-05
2.60E-05
2.48E-05
2.38E-05
2.31E-05
2.24E-05
2.18E-05
2.11E-05
2.05E-05
2.00E-05
1.96E-05
1.95E-05
1.95E-05
1.97E-05
1.99E-05
2.02E-05
2.05E-05
2.07E-05
2.09E-05
2.10E-05
2.10E-05
2.09E-05
2.07E-05
2.03E-05
1.98E-05
1.93E-05
1.88E-05
1.82E-05
1.76E-05
1.68E-05
1.60E-05
1.51E-05
1.42E-05
1.35E-05
1.30E-05
1.25E-05
1.21E-05
1.18E-05
1.16E-05
1.14E-05
1.13E-05
1.12E-05
1.11E-05
1.12E-05
1.12E-05
1.13E-05
1.14E-05
1.16E-05
1.17E-05
1.18E-05
1.19E-05
1.20E-05
1.20E-05
1.20E-05
1.19E-05
1.17E-05
1.15E-05
1.12E-05
1.09E-05
1.05E-05
1.01E-05
9.64E-06
9.19E-06
8.75E-06
8.34E-06
7.99E-06
7.68E-06
7.43E-06
7.25E-06
7.13E-06
7.06E-06
7.00E-06
6.96E-06
6.93E-06
6.90E-06

