0
7.03E-06
7.17E-06
7.29E-06
7.42E-06
7.56E-06
7.75E-06
7.98E-06
8.25E-06
8.57E-06
8.94E-06
9.37E-06
9.82E-06
1.03E-05
1.07E-05
1.10E-05
1.13E-05
1.16E-05
1.18E-05
1.21E-05
1.24E-05
1.26E-05
1.28E-05
1.29E-05
1.29E-05
1.28E-05
1.27E-05
1.24E-05
1.21E-05
1.19E-05
1.17E-05
1.16E-05
1.16E-05
1.18E-05
1.21E-05
1.24E-05
1.28E-05
1.33E-05
1.38E-05
1.43E-05
1.49E-05
1.56E-05
1.63E-05
1.71E-05
1.79E-05
1.88E-05
1.97E-05
2.06E-05
2.13E-05
2.20E-05
2.25E-05
2.29E-05
2.31E-05
2.32E-05
2.31E-05
2.30E-05
2.29E-05
2.28E-05
2.27E-05
2.26E-05
2.24E-05
2.24E-05
2.23E-05
2.24E-05
2.27E-05
2.31E-05
2.36E-05
2.42E-05
2.48E-05
2.53E-05
2.58E-05
2.63E-05
2.71E-05
2.82E-05
2.97E-05
3.14E-05
3.34E-05
3.55E-05
3.77E-05
3.97E-05
4.16E-05
4.34E-05
4.52E-05
4.69E-05
4.86E-05
5.02E-05
5.17E-05
5.33E-05
5.51E-05
5.72E-05
5.96E-05
6.21E-05
6.45E-05
6.68E-05
6.91E-05
7.20E-05
7.61E-05
8.19E-05
8.95E-05
9.84E-05
0.000108151687852
0.000118733583603
0.000130486570677
0.000143906309465
0.000159418185082
0.000177190123041
0.000196735302624
0.000216825041134
0.00023606446552
0.000253542165385
0.000268928337941
0.000282584121071
0.000295525557529
0.00030891239817
0.000323009046774
0.000336774674482
0.00034930203429
0.000361562351211
0.000376513794713
0.000398022991565
0.000429223686286
0.000470141984235
0.000517652378264
0.00056943064064
0.000626562073947
0.000691849589677
0.000766307719945
0.000847147962926
0.000929464556741
0.001012430574563
0.001103011541767
0.001208617956534
0.001325418291049
0.001437879574159
0.00152954152146
0.001593503007154
0.00163622345646
0.001674751570002
0.001731304876497
0.001831287134515
0.001991588510482
0.002196881540015
0.002406146255487
0.002602680354731
0.00283176331677
0.003172940287966
0.003669488236945
0.004300656498362
0.005033741977269
0.005901515755099
0.007039813502634
0.008672632590651
0.011087768036102
0.014645417088665
0.019817494766146
0.027287506098211
0.038148899759605
0.053720300715712
0.073929664155966
0.094747848092746
0.108060050603762
0.106664460506092
0.091192648125684
0.069468377343441
0.049320171019174
0.034176927418401
0.023828840764343
0.016903788805992
0.012257738094395
0.00919134596286
0.007222747297641
0.005935923495281
0.005025078860472
0.00433935390969
0.003818620369318
0.003412891605924
0.003074436424614
0.002779279992301
0.00252437770267
0.002310430805136
0.002131315150415
0.001970783323326
0.001815135773502
0.001668018583305
0.001540034188113
0.001426497703106
0.001309559025685
0.001179760488461
0.001044981290954
0.000919256959493
0.000811029251334
0.000722159358883
0.000650531365991
0.000592083790147
0.000541922883179
0.000494942563202
0.000447355032677
0.000399236784047
0.000354241167653
0.0003159061292
0.00028527080493
0.000261332898681
0.000242353240823
0.000226450105149
0.000211855637677
0.000197710553826
0.000184111711152
0.000171263841457
0.000159112870345
0.000147530602068
0.000136553412159
0.000126260963046
0.000116522413357
0.000107106075865
9.80E-05
8.94E-05
8.19E-05
7.57E-05
7.07E-05
6.65E-05
6.29E-05
5.98E-05
5.74E-05
5.57E-05
5.46E-05
5.39E-05
5.34E-05
5.27E-05
5.17E-05
5.06E-05
4.95E-05
4.84E-05
4.73E-05
4.62E-05
4.51E-05
4.39E-05
4.27E-05
4.13E-05
3.99E-05
3.84E-05
3.70E-05
3.57E-05
3.44E-05
3.31E-05
3.15E-05
2.98E-05
2.81E-05
2.67E-05
2.54E-05
2.44E-05
2.35E-05
2.26E-05
2.18E-05
2.10E-05
2.04E-05
1.99E-05
1.96E-05
1.96E-05
1.96E-05
1.98E-05
2.01E-05
2.04E-05
2.07E-05
2.09E-05
2.10E-05
2.11E-05
2.12E-05
2.11E-05
2.10E-05
2.08E-05
2.04E-05
1.98E-05
1.92E-05
1.85E-05
1.78E-05
1.70E-05
1.62E-05
1.53E-05
1.45E-05
1.37E-05
1.30E-05
1.25E-05
1.20E-05
1.17E-05
1.14E-05
1.12E-05
1.11E-05
1.10E-05
1.11E-05
1.12E-05
1.13E-05
1.14E-05
1.15E-05
1.17E-05
1.18E-05
1.20E-05
1.21E-05
1.21E-05
1.22E-05
1.21E-05
1.19E-05
1.16E-05
1.12E-05
1.08E-05
1.05E-05
1.02E-05
9.78E-06
9.39E-06
9.01E-06
8.65E-06
8.31E-06
7.99E-06
7.72E-06
7.48E-06
7.27E-06
7.10E-06
6.97E-06
6.89E-06
6.87E-06
6.90E-06
6.97E-06

