0
7.04E-06
7.12E-06
7.24E-06
7.39E-06
7.59E-06
7.81E-06
8.06E-06
8.33E-06
8.63E-06
8.97E-06
9.35E-06
9.74E-06
1.01E-05
1.05E-05
1.09E-05
1.13E-05
1.16E-05
1.19E-05
1.22E-05
1.23E-05
1.24E-05
1.25E-05
1.25E-05
1.26E-05
1.26E-05
1.25E-05
1.23E-05
1.20E-05
1.18E-05
1.16E-05
1.16E-05
1.16E-05
1.18E-05
1.20E-05
1.23E-05
1.27E-05
1.32E-05
1.38E-05
1.43E-05
1.49E-05
1.56E-05
1.63E-05
1.71E-05
1.79E-05
1.88E-05
1.96E-05
2.03E-05
2.10E-05
2.15E-05
2.19E-05
2.23E-05
2.25E-05
2.27E-05
2.28E-05
2.28E-05
2.27E-05
2.27E-05
2.26E-05
2.24E-05
2.23E-05
2.21E-05
2.20E-05
2.21E-05
2.24E-05
2.28E-05
2.34E-05
2.40E-05
2.45E-05
2.49E-05
2.54E-05
2.59E-05
2.68E-05
2.79E-05
2.94E-05
3.11E-05
3.30E-05
3.50E-05
3.70E-05
3.88E-05
4.05E-05
4.22E-05
4.39E-05
4.56E-05
4.73E-05
4.90E-05
5.05E-05
5.21E-05
5.40E-05
5.64E-05
5.89E-05
6.15E-05
6.39E-05
6.62E-05
6.85E-05
7.16E-05
7.60E-05
8.22E-05
9.01E-05
9.91E-05
0.000108966681482
0.00011963715976
0.000131444719618
0.000144803405644
0.000160075505951
0.00017739790465
0.000196325117693
0.000215730759665
0.000234361194949
0.000251395471022
0.000266599307871
0.000280433051752
0.000293794660717
0.000307501300647
0.000321614220255
0.000335247084419
0.000347849325675
0.000360546121586
0.000376087532999
0.000398079501208
0.000429525620861
0.000470443338413
0.000517903414062
0.000569638618417
0.000626554511706
0.000691579553977
0.000766202276474
0.000847720656715
0.000930744688736
0.001014105138172
0.001104858669086
0.001210378225455
0.001326274901831
0.001436685045624
0.001525825346625
0.001587712774345
0.00162892740973
0.00166614599348
0.001721222445508
0.001819774787458
0.001978932757696
0.002182732411557
0.002389483798066
0.002582846759147
0.002808741593119
0.003146935726727
0.003640947318988
0.004270110058199
0.00500164403381
0.005869024619603
0.007009577976221
0.008647686837888
0.01106497835198
0.014609236446899
0.019756397376315
0.027236436421668
0.038201568234426
0.053959708420592
0.074333096985338
0.09517604640646
0.108364050224745
0.106800151642019
0.091202324010983
0.069392311213713
0.049185181311258
0.034016324004488
0.023676524404962
0.016775417902042
0.012153300594106
0.009108610345626
0.007161027120886
0.005894264917813
0.004999577122723
0.004323792204321
0.003808810642407
0.003407346912781
0.003071536809059
0.002776860908057
0.002522159723642
0.002310078807524
0.002133516293127
0.001973842708365
0.001816055615579
0.00166453632293
0.001532034548709
0.001415791401015
0.00129865789506
0.001170384980071
0.001037856972091
0.00091494896631
0.000809474887383
0.000722028130769
0.000650083006222
0.000590635087055
0.000540339194891
0.000494724673059
0.000449351836279
0.00040320080768
0.000359174619532
0.000320554929926
0.000288621417112
0.000262885578942
0.000242215783787
0.000225349654865
0.000210700708683
0.000196996423906
0.000183863177425
0.000171361808336
0.000159514739529
0.000148285914376
0.000137704938585
0.000127707100086
0.000118001772585
0.000108378908647
9.90E-05
9.02E-05
8.26E-05
7.64E-05
7.13E-05
6.70E-05
6.33E-05
6.01E-05
5.77E-05
5.60E-05
5.50E-05
5.43E-05
5.36E-05
5.28E-05
5.18E-05
5.08E-05
4.98E-05
4.89E-05
4.80E-05
4.70E-05
4.58E-05
4.44E-05
4.29E-05
4.14E-05
3.99E-05
3.84E-05
3.71E-05
3.59E-05
3.47E-05
3.34E-05
3.18E-05
2.99E-05
2.81E-05
2.66E-05
2.53E-05
2.44E-05
2.36E-05
2.28E-05
2.20E-05
2.12E-05
2.04E-05
1.97E-05
1.93E-05
1.91E-05
1.91E-05
1.93E-05
1.97E-05
2.00E-05
2.03E-05
2.05E-05
2.07E-05
2.09E-05
2.10E-05
2.10E-05
2.09E-05
2.06E-05
2.02E-05
1.98E-05
1.92E-05
1.85E-05
1.78E-05
1.69E-05
1.61E-05
1.52E-05
1.45E-05
1.38E-05
1.32E-05
1.27E-05
1.23E-05
1.19E-05
1.15E-05
1.13E-05
1.11E-05
1.10E-05
1.10E-05
1.11E-05
1.13E-05
1.15E-05
1.17E-05
1.19E-05
1.20E-05
1.21E-05
1.22E-05
1.22E-05
1.22E-05
1.21E-05
1.19E-05
1.16E-05
1.12E-05
1.09E-05
1.05E-05
1.01E-05
9.62E-06
9.16E-06
8.72E-06
8.33E-06
8.00E-06
7.73E-06
7.50E-06
7.32E-06
7.19E-06
7.09E-06
7.03E-06
6.98E-06
6.95E-06
6.92E-06
6.88E-06

