0
7.08E-06
7.19E-06
7.30E-06
7.41E-06
7.53E-06
7.68E-06
7.91E-06
8.21E-06
8.59E-06
9.02E-06
9.47E-06
9.90E-06
1.03E-05
1.07E-05
1.11E-05
1.14E-05
1.17E-05
1.20E-05
1.22E-05
1.24E-05
1.26E-05
1.27E-05
1.28E-05
1.28E-05
1.27E-05
1.25E-05
1.23E-05
1.19E-05
1.17E-05
1.15E-05
1.15E-05
1.17E-05
1.19E-05
1.22E-05
1.26E-05
1.30E-05
1.35E-05
1.39E-05
1.44E-05
1.50E-05
1.56E-05
1.63E-05
1.70E-05
1.78E-05
1.87E-05
1.96E-05
2.04E-05
2.11E-05
2.17E-05
2.21E-05
2.24E-05
2.26E-05
2.27E-05
2.29E-05
2.30E-05
2.31E-05
2.30E-05
2.28E-05
2.25E-05
2.23E-05
2.20E-05
2.19E-05
2.18E-05
2.20E-05
2.22E-05
2.27E-05
2.32E-05
2.39E-05
2.45E-05
2.53E-05
2.61E-05
2.71E-05
2.83E-05
2.97E-05
3.15E-05
3.34E-05
3.55E-05
3.74E-05
3.91E-05
4.09E-05
4.27E-05
4.45E-05
4.64E-05
4.82E-05
4.97E-05
5.11E-05
5.25E-05
5.42E-05
5.63E-05
5.88E-05
6.14E-05
6.38E-05
6.60E-05
6.82E-05
7.11E-05
7.56E-05
8.18E-05
8.96E-05
9.85E-05
0.000108221261746
0.000118896816579
0.000130812636403
0.000144308503805
0.000159703474201
0.000177144243332
0.00019623306314
0.000215892779177
0.000234777703394
0.000251890673181
0.000266997603879
0.000280749790611
0.000294138102811
0.000307925968235
0.000322113919538
0.000335824595143
0.000348513296886
0.000361277988961
0.000376960190167
0.000399338198633
0.000431401434723
0.000472880800647
0.000520472468299
0.000571722962676
0.000627833317275
0.000692390989155
0.000767215025722
0.000849123997939
0.000931922068763
0.001014295421974
0.001103787824549
0.001207866551485
0.001321879892977
0.001430230748876
0.001517836966563
0.001579054241021
0.001620458853751
0.001658641154902
0.001715046669144
0.001815027355221
0.001975519893145
0.002179812738705
0.00238572815039
0.002577391419033
0.002800476630805
0.003133900834268
0.003622232201717
0.004247826192076
0.004980687919717
0.005853899615121
0.007000919941458
0.008641352995687
0.011048088187421
0.014555482879013
0.019645077786762
0.027100323113167
0.038140695897498
0.054065509859815
0.074593650783387
0.095481306865224
0.108614342812952
0.106984589611041
0.091340049454211
0.06946520842387
0.04917082658002
0.033930197591343
0.023559234351215
0.016656797401099
0.012044550541094
0.00901344171523
0.007081385304361
0.005831014138322
0.004951429488227
0.004287264977859
0.003780859914041
0.003386291596896
0.003056070503496
0.002765840579544
0.00251588851097
0.002309858020471
0.002138868899749
0.001981684787331
0.001822162928472
0.001665787305804
0.001528109691121
0.001409245814066
0.0012932077394
0.001168156297598
0.001038380072378
0.000916894817536
0.000812004490008
0.000724762360729
0.000652953782888
0.000593873087841
0.000544291833316
0.00049948982089
0.000454503287786
0.000408088856218
0.00036333322053
0.000323754313159
0.000290863911845
0.000264382726407
0.000243286821771
0.000226338592637
0.000211826541335
0.000198142975439
0.000184678469645
0.000171603960162
0.000159231391608
0.000147731746202
0.0001371693444
0.000127419390049
0.000118068189924
0.000108746258673
9.95E-05
9.08E-05
8.31E-05
7.67E-05
7.15E-05
6.73E-05
6.36E-05
6.04E-05
5.77E-05
5.58E-05
5.47E-05
5.41E-05
5.36E-05
5.31E-05
5.22E-05
5.12E-05
5.01E-05
4.91E-05
4.82E-05
4.73E-05
4.62E-05
4.49E-05
4.34E-05
4.18E-05
4.02E-05
3.86E-05
3.71E-05
3.58E-05
3.46E-05
3.34E-05
3.20E-05
3.03E-05
2.86E-05
2.71E-05
2.58E-05
2.47E-05
2.39E-05
2.33E-05
2.26E-05
2.20E-05
2.14E-05
2.07E-05
2.01E-05
1.98E-05
1.96E-05
1.97E-05
1.99E-05
2.02E-05
2.05E-05
2.08E-05
2.11E-05
2.13E-05
2.14E-05
2.14E-05
2.11E-05
2.08E-05
2.03E-05
1.97E-05
1.91E-05
1.86E-05
1.79E-05
1.73E-05
1.65E-05
1.56E-05
1.46E-05
1.38E-05
1.30E-05
1.25E-05
1.21E-05
1.18E-05
1.16E-05
1.15E-05
1.13E-05
1.13E-05
1.13E-05
1.13E-05
1.14E-05
1.16E-05
1.18E-05
1.19E-05
1.21E-05
1.22E-05
1.22E-05
1.22E-05
1.22E-05
1.20E-05
1.19E-05
1.16E-05
1.13E-05
1.09E-05
1.05E-05
1.01E-05
9.68E-06
9.28E-06
8.90E-06
8.53E-06
8.17E-06
7.83E-06
7.56E-06
7.41E-06
7.36E-06
7.38E-06
7.42E-06
7.43E-06
7.42E-06
7.40E-06
7.41E-06

