0
7.17E-06
7.26E-06
7.37E-06
7.49E-06
7.62E-06
7.75E-06
7.91E-06
8.12E-06
8.39E-06
8.72E-06
9.10E-06
9.53E-06
9.97E-06
1.04E-05
1.09E-05
1.14E-05
1.17E-05
1.20E-05
1.21E-05
1.22E-05
1.23E-05
1.25E-05
1.26E-05
1.27E-05
1.26E-05
1.25E-05
1.23E-05
1.20E-05
1.18E-05
1.17E-05
1.17E-05
1.19E-05
1.21E-05
1.25E-05
1.29E-05
1.33E-05
1.38E-05
1.42E-05
1.46E-05
1.50E-05
1.56E-05
1.62E-05
1.70E-05
1.78E-05
1.87E-05
1.96E-05
2.04E-05
2.11E-05
2.17E-05
2.22E-05
2.25E-05
2.26E-05
2.28E-05
2.29E-05
2.29E-05
2.30E-05
2.29E-05
2.27E-05
2.25E-05
2.22E-05
2.20E-05
2.19E-05
2.20E-05
2.21E-05
2.24E-05
2.28E-05
2.33E-05
2.38E-05
2.43E-05
2.48E-05
2.56E-05
2.65E-05
2.77E-05
2.91E-05
3.09E-05
3.28E-05
3.47E-05
3.66E-05
3.84E-05
4.01E-05
4.20E-05
4.40E-05
4.60E-05
4.79E-05
4.95E-05
5.09E-05
5.23E-05
5.40E-05
5.61E-05
5.86E-05
6.11E-05
6.35E-05
6.57E-05
6.80E-05
7.12E-05
7.58E-05
8.20E-05
8.96E-05
9.82E-05
0.000107757407819
0.000118355659693
0.000130262589309
0.000143764878896
0.000159180275845
0.00017657018424
0.000195462289997
0.000214825312253
0.000233397904031
0.000250292402411
0.000265356316936
0.000279128458876
0.000292348838072
0.000305690425363
0.000319251983292
0.000332308227552
0.000344532820809
0.00035734738213
0.000373744206416
0.0003971666244
0.000429774594172
0.000470659702461
0.000516620686456
0.000565783021905
0.000620248930758
0.0006845131248
0.000760330748685
0.000843327014705
0.000926343128724
0.001008414423283
0.001097934565352
0.001202412736315
0.001316657440547
0.001424920375673
0.001512464173847
0.001573929799209
0.001615830847782
0.001654512855877
0.00171134949788
0.001812038789163
0.001973213239558
0.002177091251067
0.002381372616491
0.00257110849099
0.00279122738612
0.003119062397323
0.003600016427199
0.004219387628132
0.004949975235972
0.005825829612533
0.006979738337206
0.008628715043665
0.011036110604178
0.014521143980905
0.019571602971769
0.027025645318507
0.038165722739436
0.054268327153167
0.074931294902039
0.095808226566669
0.108817291466292
0.107079558900137
0.091394090153897
0.06948709397815
0.049133548934457
0.033832907554618
0.02343310584552
0.016531965661933
0.011935894904656
0.008925748033059
0.007014530122965
0.00578379511419
0.004921677475366
0.004270515041159
0.003772677044411
0.003383947282652
0.003057827878166
0.002770556305673
0.002523480069745
0.002320606307763
0.00215151079346
0.001993503420024
0.001830596484099
0.001669704369804
0.001528317347647
0.001408051309802
0.001293032365501
0.001169825291382
0.001040637555077
0.000918114531448
0.000811478346672
0.000722247857568
0.000648470509433
0.000587990673831
0.000538129608818
0.000494405946994
0.000451427780734
0.00040704246633
0.000363724965028
0.000324831218278
0.000291939376931
0.000264927681976
0.000242960141962
0.000225221263359
0.000210520989694
0.000197337557643
0.000184710959466
0.000172456498874
0.000160691745877
0.000149425760043
0.000138654953018
0.000128384367579
0.000118440758334
0.000108659893502
9.91E-05
9.02E-05
8.25E-05
7.61E-05
7.11E-05
6.68E-05
6.30E-05
5.97E-05
5.69E-05
5.49E-05
5.36E-05
5.28E-05
5.23E-05
5.17E-05
5.09E-05
4.99E-05
4.89E-05
4.80E-05
4.71E-05
4.62E-05
4.52E-05
4.41E-05
4.29E-05
4.17E-05
4.03E-05
3.89E-05
3.74E-05
3.60E-05
3.46E-05
3.32E-05
3.18E-05
3.00E-05
2.82E-05
2.65E-05
2.51E-05
2.41E-05
2.33E-05
2.27E-05
2.22E-05
2.17E-05
2.11E-05
2.05E-05
2.00E-05
1.96E-05
1.95E-05
1.95E-05
1.98E-05
2.01E-05
2.04E-05
2.06E-05
2.08E-05
2.10E-05
2.11E-05
2.11E-05
2.10E-05
2.06E-05
2.02E-05
1.96E-05
1.90E-05
1.84E-05
1.78E-05
1.71E-05
1.63E-05
1.55E-05
1.46E-05
1.38E-05
1.31E-05
1.25E-05
1.21E-05
1.18E-05
1.16E-05
1.14E-05
1.13E-05
1.11E-05
1.10E-05
1.10E-05
1.11E-05
1.12E-05
1.14E-05
1.16E-05
1.18E-05
1.20E-05
1.21E-05
1.21E-05
1.21E-05
1.19E-05
1.17E-05
1.14E-05
1.11E-05
1.08E-05
1.04E-05
1.01E-05
9.75E-06
9.43E-06
9.12E-06
8.81E-06
8.49E-06
8.18E-06
7.90E-06
7.66E-06
7.47E-06
7.31E-06
7.18E-06
7.09E-06
7.03E-06
6.99E-06
6.98E-06

