0
7.17E-06
7.24E-06
7.32E-06
7.41E-06
7.51E-06
7.64E-06
7.81E-06
8.04E-06
8.33E-06
8.67E-06
9.06E-06
9.46E-06
9.87E-06
1.03E-05
1.07E-05
1.11E-05
1.15E-05
1.18E-05
1.21E-05
1.23E-05
1.25E-05
1.26E-05
1.28E-05
1.28E-05
1.27E-05
1.26E-05
1.24E-05
1.23E-05
1.23E-05
1.22E-05
1.23E-05
1.23E-05
1.24E-05
1.26E-05
1.28E-05
1.31E-05
1.34E-05
1.38E-05
1.42E-05
1.47E-05
1.53E-05
1.60E-05
1.68E-05
1.76E-05
1.85E-05
1.93E-05
2.00E-05
2.07E-05
2.12E-05
2.17E-05
2.21E-05
2.25E-05
2.28E-05
2.30E-05
2.31E-05
2.30E-05
2.29E-05
2.26E-05
2.23E-05
2.21E-05
2.19E-05
2.18E-05
2.18E-05
2.20E-05
2.23E-05
2.27E-05
2.32E-05
2.37E-05
2.42E-05
2.48E-05
2.55E-05
2.65E-05
2.78E-05
2.93E-05
3.11E-05
3.30E-05
3.49E-05
3.67E-05
3.84E-05
4.02E-05
4.22E-05
4.43E-05
4.63E-05
4.82E-05
4.98E-05
5.11E-05
5.26E-05
5.43E-05
5.64E-05
5.87E-05
6.09E-05
6.28E-05
6.47E-05
6.71E-05
7.06E-05
7.57E-05
8.25E-05
9.04E-05
9.90E-05
0.000108358995372
0.000118618859769
0.00013030660484
0.000143894342714
0.000159701259619
0.000177551565936
0.000196683312823
0.000215933176916
0.0002341895664
0.000250849732233
0.000265951213991
0.000279933767697
0.000293301154138
0.000306522416738
0.00031960548168
0.000332054364124
0.000343990101084
0.000357074942401
0.000374214472434
0.000398565663214
0.000431793730651
0.000472577199463
0.000517544123223
0.000564986121102
0.000617729735448
0.000681055740563
0.000756878415053
0.000840317834461
0.000923690394903
0.001005934369813
0.00109551291778
0.001199816264564
0.001313777045515
0.00142197061111
0.001509544611293
0.001570726574134
0.001612025366636
0.00165017514426
0.001706840757344
0.001807642267466
0.00196831756845
0.002170203434795
0.002371905947246
0.002560300401217
0.002779876052898
0.003106306477447
0.003585032722187
0.004203112394669
0.004935254016876
0.005816223187044
0.006977771367116
0.008633244781601
0.011035896174391
0.014491195038848
0.01949623576865
0.026947080500974
0.038189235393714
0.054468973706297
0.075251935612691
0.096089533077041
0.108950673205266
0.107106309217206
0.091404245799906
0.069492836020462
0.049099898493375
0.033753162061453
0.023333611413674
0.01643389554663
0.011844524160874
0.0088426466901
0.006943755736036
0.005730103107385
0.004885951029997
0.004248038611957
0.003757515595243
0.003372656305051
0.003049328494419
0.002764889347968
0.002521008889583
0.002321606800815
0.002155193469484
0.001997833865779
0.001833119582555
0.001668671721668
0.001523696537707
0.00140163496671
0.001287040905193
0.001165205271631
0.001036734018341
0.000914272294665
0.000808045420936
0.000719555485326
0.000646314786271
0.000586190168236
0.000536880051814
0.000494152549833
0.000452420823157
0.000408820824245
0.000365401163258
0.000325921000646
0.000292637253018
0.000265780380633
0.000244477134014
0.000227611655044
0.000213684880071
0.00020092660441
0.000188280144515
0.000175724388875
0.000163671885366
0.000152262316431
0.000141393878442
0.000130990436729
0.000120932801831
0.000111069837446
1.01E-04
9.20E-05
8.36E-05
7.64E-05
7.08E-05
6.63E-05
6.27E-05
5.94E-05
5.66E-05
5.46E-05
5.33E-05
5.24E-05
5.18E-05
5.12E-05
5.05E-05
4.99E-05
4.93E-05
4.87E-05
4.81E-05
4.74E-05
4.65E-05
4.54E-05
4.42E-05
4.28E-05
4.14E-05
4.00E-05
3.85E-05
3.72E-05
3.59E-05
3.45E-05
3.30E-05
3.12E-05
2.92E-05
2.73E-05
2.56E-05
2.42E-05
2.32E-05
2.25E-05
2.20E-05
2.15E-05
2.11E-05
2.07E-05
2.02E-05
1.99E-05
1.98E-05
1.98E-05
1.99E-05
2.02E-05
2.05E-05
2.07E-05
2.09E-05
2.11E-05
2.12E-05
2.12E-05
2.11E-05
2.08E-05
2.04E-05
1.99E-05
1.94E-05
1.88E-05
1.82E-05
1.76E-05
1.68E-05
1.60E-05
1.51E-05
1.42E-05
1.34E-05
1.28E-05
1.23E-05
1.20E-05
1.17E-05
1.14E-05
1.12E-05
1.10E-05
1.10E-05
1.10E-05
1.11E-05
1.13E-05
1.14E-05
1.16E-05
1.18E-05
1.20E-05
1.21E-05
1.21E-05
1.20E-05
1.20E-05
1.19E-05
1.17E-05
1.14E-05
1.11E-05
1.07E-05
1.03E-05
9.96E-06
9.59E-06
9.21E-06
8.80E-06
8.43E-06
8.12E-06
7.88E-06
7.70E-06
7.56E-06
7.47E-06
7.40E-06
7.35E-06
7.33E-06
7.33E-06
7.34E-06

