0
7.56E-06
7.61E-06
7.64E-06
7.66E-06
7.71E-06
7.79E-06
7.91E-06
8.08E-06
8.31E-06
8.60E-06
8.95E-06
9.33E-06
9.70E-06
1.01E-05
1.04E-05
1.07E-05
1.09E-05
1.12E-05
1.14E-05
1.17E-05
1.20E-05
1.23E-05
1.25E-05
1.27E-05
1.27E-05
1.26E-05
1.25E-05
1.24E-05
1.23E-05
1.24E-05
1.25E-05
1.26E-05
1.27E-05
1.29E-05
1.32E-05
1.34E-05
1.37E-05
1.41E-05
1.45E-05
1.50E-05
1.57E-05
1.64E-05
1.73E-05
1.81E-05
1.90E-05
1.99E-05
2.06E-05
2.13E-05
2.18E-05
2.22E-05
2.25E-05
2.27E-05
2.29E-05
2.30E-05
2.30E-05
2.29E-05
2.29E-05
2.28E-05
2.27E-05
2.25E-05
2.24E-05
2.25E-05
2.28E-05
2.32E-05
2.37E-05
2.43E-05
2.48E-05
2.52E-05
2.55E-05
2.58E-05
2.64E-05
2.73E-05
2.87E-05
3.04E-05
3.23E-05
3.43E-05
3.62E-05
3.80E-05
3.98E-05
4.15E-05
4.35E-05
4.55E-05
4.75E-05
4.93E-05
5.08E-05
5.21E-05
5.36E-05
5.54E-05
5.76E-05
6.00E-05
6.24E-05
6.44E-05
6.65E-05
6.90E-05
7.26E-05
7.79E-05
8.48E-05
9.29E-05
0.000101581505409
0.00011089022623
0.000121124669002
0.000132760014574
0.000146239602527
0.000161889787683
0.000179506698275
0.00019823917792
0.00021693915354
0.0002346884361
0.000251057653733
0.000266105914818
0.000280227336447
0.000293915573291
0.000307551891921
0.000320960093426
0.000333450454089
0.000345102744961
0.000357785866848
0.000374739184595
0.000399193807919
0.000432546767075
0.000473302814572
0.000518299127736
0.000566237330326
0.000620077895688
0.000684911905045
0.000762360928641
0.00084723251295
0.00093163753052
0.001014521242267
0.001104511900439
0.001209136674469
0.001323401068697
0.001431461196172
0.001517774855247
0.001576528654263
0.001614826880703
0.001649985642769
0.001704026572805
0.001802403597935
0.001960061607817
0.002158213186783
0.002357004442751
0.002544339050499
0.002762045030739
0.003082528840722
0.003552700170245
0.004164614178326
0.004897009449374
0.005784357928836
0.006954007483616
0.008613071211635
0.011002703830221
0.014409686416257
0.019332388022504
0.026717519558561
0.037969999774066
0.054316482950443
0.075140957560124
0.095982258606989
0.108911486719447
0.107271192979275
0.091781329576096
0.069921695928085
0.049414129074434
0.033908044884202
0.023379269332634
0.016428213674325
0.011817426512503
0.00880569313401
0.006903267138672
0.005692473153299
0.004856109048632
0.004226250547845
0.003741527900344
0.003361371397315
0.003042907406118
0.002763409181765
0.002523759429766
0.002327549580871
0.002162584179641
0.002004505982975
0.001837291032163
0.001669368778565
0.00152140004792
0.001398646854178
0.001286316063636
0.001168159760812
0.001041954367153
0.000919027863864
0.000810678713636
0.000719534745828
0.000643627667986
0.000581473838966
0.000531389955884
0.000489264033507
0.000449206267773
0.000407555297181
0.000365413262647
0.000326231870094
0.000292633085814
0.000265308672454
0.000243588687893
0.000226384008662
0.000212207996424
0.000199378228855
0.000186867795586
0.000174568499548
0.000162784630153
0.000151601757748
0.000140918735374
0.000130719584366
0.000120965416423
0.000111550150873
1.02E-04
9.35E-05
8.53E-05
7.80E-05
7.20E-05
6.71E-05
6.29E-05
5.93E-05
5.63E-05
5.39E-05
5.24E-05
5.15E-05
5.09E-05
5.04E-05
4.98E-05
4.92E-05
4.85E-05
4.77E-05
4.68E-05
4.60E-05
4.51E-05
4.42E-05
4.32E-05
4.20E-05
4.07E-05
3.93E-05
3.79E-05
3.66E-05
3.55E-05
3.44E-05
3.32E-05
3.17E-05
2.99E-05
2.80E-05
2.63E-05
2.49E-05
2.38E-05
2.29E-05
2.21E-05
2.14E-05
2.08E-05
2.02E-05
1.97E-05
1.93E-05
1.92E-05
1.92E-05
1.94E-05
1.97E-05
2.00E-05
2.03E-05
2.06E-05
2.08E-05
2.10E-05
2.11E-05
2.11E-05
2.10E-05
2.06E-05
2.01E-05
1.95E-05
1.89E-05
1.83E-05
1.77E-05
1.70E-05
1.63E-05
1.55E-05
1.47E-05
1.39E-05
1.32E-05
1.27E-05
1.23E-05
1.19E-05
1.16E-05
1.14E-05
1.12E-05
1.12E-05
1.11E-05
1.12E-05
1.13E-05
1.14E-05
1.15E-05
1.17E-05
1.18E-05
1.18E-05
1.18E-05
1.17E-05
1.16E-05
1.14E-05
1.12E-05
1.09E-05
1.06E-05
1.02E-05
9.94E-06
9.64E-06
9.34E-06
9.02E-06
8.69E-06
8.40E-06
8.16E-06
7.98E-06
7.83E-06
7.69E-06
7.55E-06
7.40E-06
7.26E-06
7.15E-06
7.07E-06
7.04E-06

