0
7.70E-06
7.70E-06
7.71E-06
7.71E-06
7.74E-06
7.80E-06
7.93E-06
8.12E-06
8.36E-06
8.65E-06
8.96E-06
9.31E-06
9.66E-06
9.99E-06
1.03E-05
1.06E-05
1.09E-05
1.12E-05
1.14E-05
1.16E-05
1.18E-05
1.19E-05
1.20E-05
1.21E-05
1.21E-05
1.20E-05
1.20E-05
1.20E-05
1.20E-05
1.22E-05
1.23E-05
1.25E-05
1.27E-05
1.30E-05
1.33E-05
1.36E-05
1.40E-05
1.44E-05
1.48E-05
1.54E-05
1.60E-05
1.67E-05
1.75E-05
1.82E-05
1.89E-05
1.96E-05
2.03E-05
2.09E-05
2.14E-05
2.19E-05
2.22E-05
2.25E-05
2.27E-05
2.28E-05
2.28E-05
2.27E-05
2.27E-05
2.27E-05
2.26E-05
2.26E-05
2.26E-05
2.27E-05
2.30E-05
2.33E-05
2.37E-05
2.42E-05
2.48E-05
2.53E-05
2.58E-05
2.63E-05
2.70E-05
2.80E-05
2.92E-05
3.07E-05
3.24E-05
3.43E-05
3.63E-05
3.81E-05
3.98E-05
4.15E-05
4.33E-05
4.50E-05
4.68E-05
4.84E-05
4.98E-05
5.12E-05
5.29E-05
5.49E-05
5.73E-05
5.99E-05
6.23E-05
6.44E-05
6.64E-05
6.87E-05
7.22E-05
7.73E-05
8.42E-05
9.22E-05
0.00010087259927
0.000110097870125
0.000120215698191
0.000131719356004
0.000145071431636
0.000160623314289
0.000178193207967
0.000196881032606
0.000215533620426
0.000233327299124
0.00024984615535
0.000265064639296
0.000279326545419
0.000293127209296
0.000306795403947
0.000320095931401
0.000332431313172
0.000344075809545
0.000356967861942
0.000374236311918
0.000398974090396
0.000432497705248
0.000473297622487
0.000518283678282
0.000566129805156
0.000619642244942
0.000683915411785
0.000760676511917
0.000844745000884
0.000928122116439
0.001009781839205
0.001098519568738
0.001202143265132
0.001316242650419
0.001425354304719
0.001513523030549
0.001574247289412
0.001614417751302
0.001651425942557
0.001707140454703
0.001805911719483
0.001961451567555
0.002155998364735
0.002352828848176
0.002540679383489
0.002757403882492
0.003071477598478
0.003531128833313
0.004134874633003
0.004868364474329
0.005767961087537
0.006956339273542
0.00863167330251
0.011022043752501
0.014402000644262
0.019285358865421
0.026683658842425
0.038064184427285
0.054608249382085
0.07554229169032
0.096289729580098
0.108992465391847
0.107187771296501
0.091675130319297
0.069842971500206
0.049334041897569
0.033809343037065
0.023277497080698
0.016336775105624
0.01173618808722
0.008733023464047
0.006841361343625
0.005644561985059
0.004822458268311
0.004203226472289
0.003724088209231
0.003345570954474
0.003027089815965
0.002748229648587
0.002511421991762
0.002320799158443
0.002162763514155
0.002010590286331
0.001846646649475
0.001678996653052
0.001529138810321
0.00140395397677
0.001290245339822
0.001172163218394
0.001046397334135
0.000923466114404
0.000815061721364
0.000723943122223
0.000647576700285
0.000584338044762
0.000533142089526
0.000490434437784
0.000450578551265
0.000409632912909
0.000367998757474
0.000328766679018
0.000294681419037
0.000266685467443
0.000244358641557
0.000226829148463
0.000212580615554
0.00019963856692
0.000186766944021
0.00017396656317
0.000161844145155
0.000150728186204
0.000140446928663
0.000130696538081
0.000121264080594
0.000112008909328
0.000102876490975
9.40E-05
8.57E-05
7.85E-05
7.24E-05
6.75E-05
6.34E-05
5.99E-05
5.69E-05
5.46E-05
5.30E-05
5.19E-05
5.13E-05
5.07E-05
5.02E-05
4.95E-05
4.86E-05
4.77E-05
4.69E-05
4.62E-05
4.55E-05
4.46E-05
4.36E-05
4.24E-05
4.11E-05
3.96E-05
3.82E-05
3.67E-05
3.55E-05
3.44E-05
3.33E-05
3.19E-05
3.03E-05
2.86E-05
2.69E-05
2.55E-05
2.43E-05
2.34E-05
2.26E-05
2.20E-05
2.14E-05
2.08E-05
2.03E-05
1.99E-05
1.96E-05
1.95E-05
1.95E-05
1.96E-05
1.98E-05
2.00E-05
2.02E-05
2.05E-05
2.07E-05
2.08E-05
2.08E-05
2.07E-05
2.04E-05
2.00E-05
1.95E-05
1.89E-05
1.83E-05
1.78E-05
1.73E-05
1.67E-05
1.59E-05
1.51E-05
1.42E-05
1.35E-05
1.29E-05
1.24E-05
1.20E-05
1.16E-05
1.14E-05
1.12E-05
1.11E-05
1.12E-05
1.13E-05
1.14E-05
1.15E-05
1.16E-05
1.17E-05
1.18E-05
1.19E-05
1.19E-05
1.18E-05
1.18E-05
1.17E-05
1.15E-05
1.13E-05
1.09E-05
1.06E-05
1.02E-05
9.88E-06
9.55E-06
9.20E-06
8.85E-06
8.53E-06
8.26E-06
8.03E-06
7.82E-06
7.65E-06
7.52E-06
7.43E-06
7.36E-06
7.30E-06
7.26E-06
7.23E-06

