0
7.51E-06
7.62E-06
7.70E-06
7.76E-06
7.83E-06
7.95E-06
8.17E-06
8.49E-06
8.85E-06
9.23E-06
9.57E-06
9.88E-06
1.02E-05
1.05E-05
1.07E-05
1.10E-05
1.13E-05
1.16E-05
1.17E-05
1.18E-05
1.18E-05
1.18E-05
1.19E-05
1.19E-05
1.18E-05
1.17E-05
1.16E-05
1.15E-05
1.15E-05
1.16E-05
1.18E-05
1.20E-05
1.23E-05
1.26E-05
1.31E-05
1.36E-05
1.42E-05
1.49E-05
1.55E-05
1.61E-05
1.68E-05
1.74E-05
1.81E-05
1.88E-05
1.95E-05
2.02E-05
2.08E-05
2.12E-05
2.15E-05
2.17E-05
2.19E-05
2.20E-05
2.21E-05
2.22E-05
2.23E-05
2.23E-05
2.22E-05
2.21E-05
2.20E-05
2.18E-05
2.17E-05
2.18E-05
2.20E-05
2.23E-05
2.28E-05
2.34E-05
2.40E-05
2.46E-05
2.52E-05
2.58E-05
2.67E-05
2.78E-05
2.92E-05
3.08E-05
3.28E-05
3.48E-05
3.67E-05
3.84E-05
4.01E-05
4.18E-05
4.35E-05
4.51E-05
4.67E-05
4.80E-05
4.92E-05
5.04E-05
5.19E-05
5.38E-05
5.60E-05
5.84E-05
6.04E-05
6.22E-05
6.40E-05
6.64E-05
7.03E-05
7.59E-05
8.32E-05
9.15E-05
0.00010033618283
0.000109639595448
0.00011983991801
0.000131557283403
0.000145271632309
0.000161217138156
0.000179056830329
0.000197822771834
0.000216411778584
0.000234025120384
0.000250269580046
0.000265201066839
0.000279276609224
0.000293149834074
0.000307249376734
0.000321244624369
0.000334354775064
0.000346643291111
0.000359792597712
0.00037674735792
0.000400589469588
0.000432882959999
0.000472622865121
0.000517346433799
0.000565909110755
0.00062062638736
0.000685899903575
0.000763072165612
0.000847007809222
0.000929987837609
0.001011190307673
0.001099310133606
0.001202186890636
0.001315983317719
0.001425414490146
0.001513577949408
0.001573331606866
0.001612175913155
0.001648303758278
0.001703345766548
0.001800367260489
0.00195258292448
0.002143875897023
0.002339930690825
0.002529453043437
0.002746899170443
0.003057609127213
0.003510145808404
0.004107024919014
0.004838918186678
0.005744145133856
0.006942389168666
0.00862465947217
0.011007050286567
0.014352114414217
0.019186840276401
0.026582067210526
0.038063139183462
0.054771912914974
0.07579992828734
0.096486589762038
0.109054813414735
0.107203471960484
0.091751199455045
0.069962372243791
0.049411461667833
0.033807260806045
0.023222591951095
0.016265250974333
0.011666067937126
0.008669526746752
0.006785316350796
0.005597418678976
0.004786747562369
0.00417942464799
0.003709622338231
0.003336874463723
0.003021299192631
0.002743529348533
0.002506783813629
0.002316134675677
0.002158263883365
0.002006218263192
0.001842269177149
0.001673969070873
0.001522426832661
0.00139543963586
0.00128130222901
0.001164407656972
0.001040186770469
0.000918508960304
0.000811733564926
0.000722489194195
0.000647147124637
0.000583838155014
0.000532512774387
0.000490538391295
0.000452391260261
0.000413574448385
0.000373572772172
0.000334809977091
0.000299968537505
0.000270386512327
0.000246196708749
0.000227103817023
0.000212018532876
0.000199045761543
0.000186647355043
0.000174414191903
0.000162633999947
0.000151600118631
0.000141320434501
0.000131626160949
0.000122318930591
0.000113171452802
0.000104068759849
9.51E-05
8.68E-05
7.95E-05
7.35E-05
6.86E-05
6.45E-05
6.09E-05
5.78E-05
5.53E-05
5.36E-05
5.25E-05
5.18E-05
5.12E-05
5.06E-05
5.00E-05
4.91E-05
4.81E-05
4.71E-05
4.61E-05
4.51E-05
4.40E-05
4.28E-05
4.15E-05
4.01E-05
3.87E-05
3.72E-05
3.58E-05
3.45E-05
3.34E-05
3.23E-05
3.11E-05
2.97E-05
2.82E-05
2.68E-05
2.56E-05
2.46E-05
2.38E-05
2.31E-05
2.25E-05
2.20E-05
2.15E-05
2.10E-05
2.05E-05
2.02E-05
2.00E-05
2.00E-05
2.01E-05
2.02E-05
2.02E-05
2.03E-05
2.03E-05
2.02E-05
2.02E-05
2.02E-05
2.01E-05
1.99E-05
1.95E-05
1.90E-05
1.85E-05
1.79E-05
1.74E-05
1.68E-05
1.62E-05
1.56E-05
1.49E-05
1.43E-05
1.37E-05
1.32E-05
1.28E-05
1.25E-05
1.23E-05
1.20E-05
1.18E-05
1.16E-05
1.16E-05
1.16E-05
1.16E-05
1.16E-05
1.17E-05
1.17E-05
1.17E-05
1.16E-05
1.15E-05
1.14E-05
1.14E-05
1.12E-05
1.11E-05
1.09E-05
1.06E-05
1.03E-05
9.93E-06
9.63E-06
9.33E-06
9.06E-06
8.79E-06
8.53E-06
8.30E-06
8.07E-06
7.85E-06
7.66E-06
7.52E-06
7.46E-06
7.49E-06
7.59E-06
7.70E-06
7.80E-06

